0
0
0
0
0
0
0
0
0
0
0
1
0
0
1
0
0
0
0
1
0
0
0
0
0
0
0
0
0
1
1
2
1
1
0
0
0
754
511974
7
0
0
0
0
0
0
0
0
0
0
1
0
0
0
0
0
0
1
0
0
0
1
0
0
0
0
0
0
0
0
0
0
0
0
0
0
0
0
0
0
0
0
0
0
0
0
0
0
0
0
0
0
0
0
0
0
1
0
0
0
0
0
0
0
0
0
0
0
0
0
0
0
0
0
0
0
0
0
0
0
0
0
0
0
0
0
0
0
0
0
0
0
0
0
0
0
0
0
0
0
0
0
0
0
0
0
0
0
0
0
0
0
0
0
0
0
0
0
0
0
0
0
0
0
0
0
0
0
1
0
0
0
0
0
0
0
0
0
0
2
6
4
12
16
12
16
15
12
16
14
12
20
16
17
12
11
15
12
26
10
21
14
14
22
17
11
15
8
13
19
11
12
21
13
18
15
12
12
13
17
17
10
14
14
14
12
22
14
9
27
25
14
16
15
13
14
15
12
12
18
9
15
10
14
10
16
13
23
12
23
19
22
17
17
14
16
15
17
16
12
12
14
13
7
15
15
16
17
16
11
22
13
17
10
11
13
11
19
9
9
13
26
13
15
12
10
6
7
13
11
12
11
18
14
9
15
10
12
6
18
7
9
16
13
9
12
20
18
11
8
11
12
8
13
10
6
8
12
7
13
13
7
6
13
10
9
11
13
13
16
14
10
9
7
9
15
10
8
11
8
3
7
9
11
10
6
10
8
11
11
6
8
6
7
5
14
8
13
10
9
7
6
9
5
13
12
10
4
8
5
9
7
6
7
8
0
8
6
10
10
4
12
5
8
9
11
6
4
8
9
7
6
4
5
8
8
6
2
7
9
7
7
3
10
8
5
4
5
5
8
4
10
7
8
3
6
8
4
7
4
3
7
8
11
4
10
7
11
4
4
3
9
4
4
5
4
7
9
5
5
2
11
8
6
3
3
3
4
2
3
6
4
2
3
4
7
3
4
6
9
6
4
3
4
4
4
4
5
6
5
5
4
3
6
5
6
4
5
5
4
6
4
7
4
6
3
6
4
4
1
5
4
6
5
4
3
4
5
4
5
6
6
4
3
5
2
5
3
2
2
3
1
1
1
3
3
4
7
4
3
1
6
2
4
3
2
3
3
2
3
3
1
3
2
3
4
2
1
1
3
4
3
3
2
4
5
1
1
3
4
5
0
1
2
4
3
1
4
2
4
0
5
1
7
2
2
3
1
4
4
3
5
4
3
2
1
4
1
0
3
1
6
3
4
1
1
0
4
0
3
3
3
6
2
1
4
6
2
2
2
2
6
5
3
1
2
2
1
1
2
2
3
2
4
1
3
1
5
1
1
1
2
0
2
2
1
1
1
2
3
2
0
3
5
5
4
0
2
4
1
2
1
4
3
1
5
3
3
0
0
2
4
3
3
1
1
4
1
2
2
0
3
1
3
0
1
1
3
3
1
4
2
3
2
1
4
1
1
2
3
1
1
1
1
1
1
1
2
2
3
0
3
1
1
1
0
2
1
1
2
2
2
2
3
3
3
1
1
1
0
3
1
1
0
1
0
0
3
0
1
4
3
1
2
2
1
0
0
2
0
0
1
1
0
2
0
1
3
1
0
0
2
4
1
2
0
1
2
2
0
3
1
0
2
2
4
0
2
1
3
1
2
0
3
0
2
0
0
2
1
1
1
1
1
1
1
0
2
0
4
1
0
1
2
1
0
1
1
0
0
0
4
1
2
1
1
0
3
1
2
0
0
0
2
2
1
2
0
1
1
0
1
2
1
1
1
1
1
1
0
0
1
2
1
1
2
1
3
0
0
1
1
2
2
1
0
1
0
1
0
1
0
0
0
1
2
0
0
0
1
2
1
0
1
1
1
0
0
1
0
4
0
2
3
1
2
1
1
1
2
0
0
1
1
0
0
1
1
1
0
0
2
1
0
1
0
2
1
0
0
2
0
1
0
1
0
1
0
0
1
0
1
0
1
0
0
0
0
0
0
1
0
0
0
0
0
0
1
1
0
0
1
3
0
1
1
1
1
0
0
0
1
0
0
1
0
0
0
0
0
0
1
0
2
0
2
0
3
0
0
1
1
1
0
0
1
1
0
1
1
0
1
0
1
0
0
2
0
0
0
0
1
0
0
0
1
0
1
0
1
1
1
0
0
0
1
0
0
0
2
0
0
0
0
0
0
0
0
0
0
0
0
0
0
0
0
0
0
0
0
0
0
0
0
0
0
0
0
0
0
0
0
0
0