  Index  name            key                      s       l          spin.x          spin.y          spin.z
      1  IP              Marker               0.000   0.000   -0.0000044677    0.0000026796    1.0000000000
   1408  PIRL            Marker               4.000   0.000    0.0140150097   -0.0009219827    0.9999013599
   1409  LTL001          Drift                4.100   0.100    0.0140150097   -0.0009219827    0.9999013599
   1410  QKALE           Quadrupole           4.444   0.344    0.0140150096   -0.0009219836    0.9999013599
   1411  LTL002          Drift                5.248   0.804    0.0140150096   -0.0009219836    0.9999013599
   1412  ZHQLC2LE        Sbend                5.593   0.344    0.0140150096   -0.0009219836    0.9999013599
   1413  LTL003          Drift                5.675   0.083    0.0140150096   -0.0009219836    0.9999013599
   1414  MQLC2LE         Monitor              5.675   0.000    0.0140150096   -0.0009219836    0.9999013599
   1415  LTL004          Drift                5.856   0.181    0.0140150096   -0.0009219836    0.9999013599
   1416  QLC2LE          Quadrupole           6.395   0.538    0.0140151103   -0.0009219886    0.9999013584
   1417  LTL005          Drift                6.655   0.261    0.0140151103   -0.0009219886    0.9999013584
   1418  QKBLE           Quadrupole           7.000   0.344    0.0140151103   -0.0009219878    0.9999013584
   1419  LTL006          Drift                7.504   0.504    0.0140151103   -0.0009219878    0.9999013584
   1420  BLC1LE          Sbend               11.107   3.603    0.1077952750   -0.0009219878    0.9941726855
   1421  LTL007          Drift               11.617   0.510    0.1077952750   -0.0009219878    0.9941726855
   1422  QKCLE           Quadrupole          11.961   0.344    0.1077952750   -0.0009219878    0.9941726855
   1423  LTL008          Drift               12.200   0.239    0.1077952750   -0.0009219878    0.9941726855
   1424  QLC3LE          Quadrupole          12.771   0.570    0.1077948354   -0.0009219791    0.9941727332
   1425  LTL009          Drift               12.936   0.165    0.1077948354   -0.0009219791    0.9941727332
   1426  MQLC3LE         Monitor             12.936   0.000    0.1077948354   -0.0009219791    0.9941727332
   1427  LTL010          Drift               14.324   1.388    0.1077948354   -0.0009219791    0.9941727332
   1428  BC1LE           Sbend               14.685   0.361    0.1077948354    0.0072246048    0.9941469099
   1429  LTL011          Drift               15.047   0.362    0.1077948354    0.0072246048    0.9941469099
   1430  ZVF1LE          Sbend               15.297   0.250    0.1077948354    0.0072246048    0.9941469099
   1431  LTL012          Drift               15.547   0.250    0.1077948354    0.0072246048    0.9941469099
   1432  ZHF1LE          Sbend               15.797   0.250    0.1077948354    0.0072246048    0.9941469099
   1433  LTL013          Drift               16.826   1.029    0.1077948354    0.0072246048    0.9941469099
   1434  PMD01H5         Ecollimator         16.826   0.000    0.1077948354    0.0072246048    0.9941469099
   1435  LTL014          Drift               17.693   0.867    0.1077948354    0.0072246048    0.9941469099
   1436  BC2LE           Sbend               18.054   0.361    0.1077948354   -0.0018405377    0.9941714570
   1437  LTL015          Drift               18.291   0.237    0.1077948354   -0.0018405377    0.9941714570
   1438  QLC4LE          Quadrupole          18.861   0.570    0.1077949493   -0.0018405207    0.9941714447
   1439  LTL016          Drift               19.026   0.165    0.1077949493   -0.0018405207    0.9941714447
   1440  MQLC4LE         Monitor             19.026   0.000    0.1077949493   -0.0018405207    0.9941714447
   1441  LTL017          Drift               19.109   0.083    0.1077949493   -0.0018405207    0.9941714447
   1442  ZHQLC4LE        Sbend               19.453   0.344    0.1077949493   -0.0018405207    0.9941714447
   1443  LTL018          Drift               20.197   0.744    0.1077949493   -0.0018405207    0.9941714447
   1444  ZVF2LE          Sbend               20.447   0.250    0.1077949493   -0.0018405207    0.9941714447
   1445  LTL019          Drift               20.697   0.250    0.1077949493   -0.0018405207    0.9941714447
   1446  ZHF2LE          Sbend               20.947   0.250    0.1077949493   -0.0018405207    0.9941714447
   1447  LTL020          Drift               21.847   0.900    0.1077949493   -0.0018405207    0.9941714447
   1448  MQLC5LE         Monitor             21.847   0.000    0.1077949493   -0.0018405207    0.9941714447
   1449  LTL021          Drift               22.012   0.165    0.1077949493   -0.0018405207    0.9941714447
   1450  QLC5LE          Quadrupole          22.582   0.570    0.1077948738   -0.0018405708    0.9941714528
   1451  LTL022          Drift               22.818   0.237    0.1077948738   -0.0018405708    0.9941714528
   1452  BC3LE           Sbend               23.180   0.361    0.1077948738   -0.0082091489    0.9941392634
   1453  LTL023          Drift               25.939   2.760    0.1077948738   -0.0082091489    0.9941392634
   1454  BC4LE           Sbend               26.300   0.361    0.1077948738   -0.0009220122    0.9941727290
   1455  LTL024          Drift               26.537   0.237    0.1077948738   -0.0009220122    0.9941727290
   1456  QLC7LE          Quadrupole          27.107   0.570    0.1077948776   -0.0009220399    0.9941727286
   1457  LTL025          Drift               27.272   0.165    0.1077948776   -0.0009220399    0.9941727286
   1458  MQLC7LE         Monitor             27.272   0.000    0.1077948776   -0.0009220399    0.9941727286
   1459  LTL026#1        Drift               27.387   0.115    0.1077948776   -0.0009220399    0.9941727286
   1460  PSLYTLC_INVERSE Marker              27.387   0.000    0.1077948776   -0.0009220399    0.9941727286
   1461  LTL026#2        Drift               27.502   0.115    0.1077948776   -0.0009220399    0.9941727286
   1462  SLYTLE1A        Sad_Mult            28.102   0.600    0.1077948776   -0.0009220399    0.9941727286
   1463  LTL027          Drift               28.651   0.549    0.1077948776   -0.0009220399    0.9941727286
   1464  QLY1LE          Quadrupole          29.113   0.462    0.1077949244   -0.0009220946    0.9941727234
   1465  LTL028          Drift               29.282   0.169    0.1077949244   -0.0009220946    0.9941727234
   1466  MQLY1LE1        Monitor             29.282   0.000    0.1077949244   -0.0009220946    0.9941727234
   1467  LTL029          Drift               29.365   0.083    0.1077949244   -0.0009220946    0.9941727234
   1468  ZVQLY1LE1       Sbend               29.709   0.344    0.1077949244   -0.0009220946    0.9941727234
   1469  LTL030          Drift               30.901   1.192    0.1077949244   -0.0009220946    0.9941727234
   1470  PMD01H4         Ecollimator         30.901   0.000    0.1077949244   -0.0009220946    0.9941727234
   1471  LTL031          Drift               34.011   3.109    0.1077949244   -0.0009220946    0.9941727234
   1472  ZVQLY2LE1       Sbend               34.355   0.344    0.1077949244   -0.0009220946    0.9941727234
   1473  LTL032          Drift               34.438   0.083    0.1077949244   -0.0009220946    0.9941727234
   1474  MQLY2LE1        Monitor             34.438   0.000    0.1077949244   -0.0009220946    0.9941727234
   1475  LTL033          Drift               34.603   0.165    0.1077949244   -0.0009220946    0.9941727234
   1476  QLY2LE          Quadrupole          35.173   0.570    0.1077945455   -0.0009220665    0.9941727645
   1477  LTL034          Drift               35.338   0.165    0.1077945455   -0.0009220665    0.9941727645
   1478  LTL035          Drift               36.087   0.749    0.1077945455   -0.0009220665    0.9941727645
   1479  BLY1LE          Sbend               40.049   3.961    0.5124391740   -0.0009220662    0.8587230303
   1480  LTL036          Drift               40.798   0.749    0.5124391740   -0.0009220662    0.8587230303
   1481  LTL037          Drift               40.963   0.165    0.5124391740   -0.0009220662    0.8587230303
   1482  QLY3LE#1        Quadrupole          41.248   0.285    0.5124392576   -0.0009220553    0.8587229804
   1483  PQLY3LC         Marker              41.248   0.000    0.5124392576   -0.0009220553    0.8587229804
   1484  QLY3LE#2        Quadrupole          41.533   0.285    0.5124393399   -0.0009220442    0.8587229313
   1485  LTL038          Drift               41.698   0.165    0.5124393399   -0.0009220442    0.8587229313
   1486  MQLY3LE         Monitor             41.698   0.000    0.5124393399   -0.0009220442    0.8587229313
   1487  LTL039          Drift               42.447   0.749    0.5124393399   -0.0009220442    0.8587229313
   1488  BLY1LE          Sbend               46.409   3.961    0.8237769064   -0.0009220439    0.5669133605
   1489  LTL040          Drift               47.158   0.749    0.8237769064   -0.0009220439    0.5669133605
   1490  LTL041          Drift               47.323   0.165    0.8237769064   -0.0009220439    0.5669133605
   1491  QLY2LE          Quadrupole          47.893   0.570    0.8237767756   -0.0009220690    0.5669135505
   1492  LTL042          Drift               48.058   0.165    0.8237767756   -0.0009220690    0.5669135505
   1493  MQLY2LE2        Monitor             48.058   0.000    0.8237767756   -0.0009220690    0.5669135505
   1494  LTL043          Drift               48.141   0.083    0.8237767756   -0.0009220690    0.5669135505
   1495  ZVQLY2LE2       Sbend               48.485   0.344    0.8237767756   -0.0009220690    0.5669135505
   1496  LTL044          Drift               49.604   1.118    0.8237767756   -0.0009220690    0.5669135505
   1497  PMD01H3         Ecollimator         49.604   0.000    0.8237767756   -0.0009220690    0.5669135505
   1498  LTL045          Drift               52.786   3.183    0.8237767756   -0.0009220690    0.5669135505
   1499  ZVQLY1LE2       Sbend               53.131   0.344    0.8237767756   -0.0009220690    0.5669135505
   1500  LTL046          Drift               53.214   0.083    0.8237767756   -0.0009220690    0.5669135505
   1501  MQLY1LE2        Monitor             53.214   0.000    0.8237767756   -0.0009220690    0.5669135505
   1502  LTL047          Drift               53.382   0.169    0.8237767756   -0.0009220690    0.5669135505
   1503  QLY1LE          Quadrupole          53.845   0.462    0.8237767730   -0.0009220371    0.5669135543
   1504  LTL048          Drift               54.394   0.549    0.8237767730   -0.0009220371    0.5669135543
   1505  SLYTLE2A#1      Sad_Mult            54.694   0.300    0.8237767730   -0.0009220371    0.5669135543
   1506  PSLYTLC         Marker              54.694   0.000    0.8237767730   -0.0009220371    0.5669135543
   1507  SLYTLE2A#2      Sad_Mult            54.994   0.300    0.8237767730   -0.0009220371    0.5669135543
   1508  LTL049          Drift               55.224   0.230    0.8237767730   -0.0009220371    0.5669135543
   1509  MQLB1LE         Monitor             55.224   0.000    0.8237767730   -0.0009220371    0.5669135543
   1510  LTL050          Drift               55.389   0.165    0.8237767730   -0.0009220371    0.5669135543
   1511  QLB1LE          Quadrupole          55.959   0.570    0.8237767336   -0.0009219900    0.5669136117
   1512  LTL051          Drift               59.596   3.638    0.8237767336   -0.0009219900    0.5669136117
   1513  ZHQLB2LE        Sbend               59.941   0.344    0.8237767336   -0.0009219900    0.5669136117
   1514  LTL052          Drift               60.024   0.083    0.8237767336   -0.0009219900    0.5669136117
   1515  MQLB2LE         Monitor             60.024   0.000    0.8237767336   -0.0009219900    0.5669136117
   1516  LTL053          Drift               60.188   0.165    0.8237767336   -0.0009219900    0.5669136117
   1517  QLB2LE          Quadrupole          60.759   0.570    0.8237769662   -0.0009220119    0.5669132736
   1518  LTL054          Drift               61.744   0.985    0.8237769662   -0.0009220119    0.5669132736
   1519  PMD01V1         Ecollimator         61.744   0.000    0.8237769662   -0.0009220119    0.5669132736
   1520  LTL055          Drift               62.780   1.036    0.8237769662   -0.0009220119    0.5669132736
   1521  BLB1LE          Sbend               66.741   3.961    0.9720439481   -0.0009220128    0.2347971737
   1522  LTL056          Drift               67.694   0.952    0.9720439481   -0.0009220128    0.2347971737
   1523  QLB3LE          Quadrupole          68.817   1.123    0.9720438558   -0.0009220361    0.2347975559
   1524  LTL057          Drift               68.985   0.168    0.9720438558   -0.0009220361    0.2347975559
   1525  MQLB3LE         Monitor             68.985   0.000    0.9720438558   -0.0009220361    0.2347975559
   1526  LTL058          Drift               69.068   0.083    0.9720438558   -0.0009220361    0.2347975559
   1527  ZVQLB3LE        Sbend               69.413   0.344    0.9720438558   -0.0009220361    0.2347975559
   1528  LTL123          Drift               69.683   0.271    0.9720438558   -0.0009220361    0.2347975559
   1529  ZVF3LE          Sbend               69.933   0.250    0.9720438558   -0.0009220361    0.2347975559
   1530  LTL059          Drift               74.984   5.050    0.9720438558   -0.0009220361    0.2347975559
   1531  PMD01H2         Ecollimator         74.984   0.000    0.9720438558   -0.0009220361    0.2347975559
   1532  LTL060          Drift               76.007   1.023    0.9720438558   -0.0009220361    0.2347975559
   1533  ZHQLB4LE        Sbend               76.351   0.344    0.9720438558   -0.0009220361    0.2347975559
   1534  LTL061          Drift               76.444   0.093    0.9720438558   -0.0009220361    0.2347975559
   1535  QLB4LE          Quadrupole          77.014   0.570    0.9720440064   -0.0009220529    0.2347969325
   1536  LTL062          Drift               77.179   0.165    0.9720440064   -0.0009220529    0.2347969325
   1537  MQLB4LE         Monitor             77.179   0.000    0.9720440064   -0.0009220529    0.2347969325
   1538  LTL063#1        Drift               77.269   0.090    0.9720440064   -0.0009220529    0.2347969325
   1539  PSLXTLC_INVERSE Marker              77.269   0.000    0.9720440064   -0.0009220529    0.2347969325
   1540  LTL063#2        Drift               77.359   0.090    0.9720440064   -0.0009220529    0.2347969325
   1541  SLXTLEA         Sad_Mult            77.859   0.500    0.9720440064   -0.0009220529    0.2347969325
   1542  LTL064          Drift               81.208   3.350    0.9720440064   -0.0009220529    0.2347969325
   1543  ZVQLX1LE1       Sbend               81.553   0.344    0.9720440064   -0.0009220529    0.2347969325
   1544  LTL065          Drift               81.635   0.083    0.9720440064   -0.0009220529    0.2347969325
   1545  MQLX1LE1        Monitor             81.635   0.000    0.9720440064   -0.0009220529    0.2347969325
   1546  LTL066          Drift               81.800   0.165    0.9720440064   -0.0009220529    0.2347969325
   1547  QLX1LE          Quadrupole          82.370   0.570    0.9720439631   -0.0009219851    0.2347971119
   1548  LTL067          Drift               82.565   0.195    0.9720439631   -0.0009219851    0.2347971119
   1549  LTL068          Drift               83.085   0.519    0.9720439631   -0.0009219851    0.2347971119
   1550  BLX2LE          Sbend               87.046   3.961    0.7964919502   -0.0009219813    0.6046484295
   1551  LTL069          Drift               87.595   0.549    0.7964919502   -0.0009219813    0.6046484295
   1552  LTL070          Drift               87.760   0.165    0.7964919502   -0.0009219813    0.6046484295
   1553  QLX2LE#1        Quadrupole          88.045   0.285    0.7964919006   -0.0009219837    0.6046484947
   1554  PQLX2LC         Marker              88.045   0.000    0.7964919006   -0.0009219837    0.6046484947
   1555  QLX2LE#2        Quadrupole          88.330   0.285    0.7964918501   -0.0009219862    0.6046485613
   1556  LTL071          Drift               88.495   0.165    0.7964918501   -0.0009219862    0.6046485613
   1557  MQLX2LE         Monitor             88.495   0.000    0.7964918501   -0.0009219862    0.6046485613
   1558  LTL072          Drift               89.045   0.549    0.7964918501   -0.0009219862    0.6046485613
   1559  BLX2LE          Sbend               93.006   3.961    0.4874408531   -0.0009219836    0.8731555215
   1560  LTL073          Drift               93.525   0.519    0.4874408531   -0.0009219836    0.8731555215
   1561  LTL074          Drift               93.720   0.195    0.4874408531   -0.0009219836    0.8731555215
   1562  QLX1LE          Quadrupole          94.290   0.570    0.4874411002   -0.0009222284    0.8731553833
   1563  LTL075          Drift               94.455   0.165    0.4874411002   -0.0009222284    0.8731553833
   1564  MQLX1LE2        Monitor             94.455   0.000    0.4874411002   -0.0009222284    0.8731553833
   1565  LTL076          Drift               94.538   0.083    0.4874411002   -0.0009222284    0.8731553833
   1566  ZVQLX1LE2       Sbend               94.883   0.344    0.4874411002   -0.0009222284    0.8731553833
   1567  LTL077          Drift               98.232   3.350    0.4874411002   -0.0009222284    0.8731553833
   1568  SLXTLEA#1       Sad_Mult            98.482   0.250    0.4874411002   -0.0009222284    0.8731553833
   1569  PSLXTLC         Marker              98.482   0.000    0.4874411002   -0.0009222284    0.8731553833
   1570  SLXTLEA#2       Sad_Mult            98.732   0.250    0.4874411002   -0.0009222284    0.8731553833
   1571  LTL078          Drift               98.912   0.180    0.4874411002   -0.0009222284    0.8731553833
   1572  MQLA2LE         Monitor             98.912   0.000    0.4874411002   -0.0009222284    0.8731553833
   1573  LTL079          Drift               99.077   0.165    0.4874411002   -0.0009222284    0.8731553833
   1574  QLA2LE          Quadrupole          99.647   0.570    0.4874404724   -0.0009221546    0.8731557338
   1575  LTL080          Drift               99.740   0.093    0.4874404724   -0.0009221546    0.8731557338
   1576  ZHQLA2LE        Sbend               100.084   0.344    0.4874404724   -0.0009221546    0.8731557338
   1577  LTL081          Drift               103.050   2.966    0.4874404724   -0.0009221546    0.8731557338
   1578  PMD01H1         Ecollimator         103.050   0.000    0.4874404724   -0.0009221546    0.8731557338
   1579  LTL082          Drift               104.465   1.415    0.4874404724   -0.0009221546    0.8731557338
   1580  QLA3LE          Quadrupole          105.035   0.570    0.4874406054   -0.0009221788    0.8731556596
   1581  LTL083          Drift               105.200   0.165    0.4874406054   -0.0009221788    0.8731556596
   1582  MQLA3LE         Monitor             105.200   0.000    0.4874406054   -0.0009221788    0.8731556596
   1583  LTL084          Drift               105.283   0.083    0.4874406054   -0.0009221788    0.8731556596
   1584  ZVQLA3LE        Sbend               105.627   0.344    0.4874406054   -0.0009221788    0.8731556596
   1585  LTL124          Drift               106.104   0.477    0.4874406054   -0.0009221788    0.8731556596
   1586  ZVF4LE          Sbend               106.354   0.250    0.4874406054   -0.0009221788    0.8731556596
   1587  LTL085          Drift               109.468   3.114    0.4874406054   -0.0009221788    0.8731556596
   1588  MQLA4LE         Monitor             109.468   0.000    0.4874406054   -0.0009221788    0.8731556596
   1589  LTL086          Drift               109.640   0.172    0.4874406054   -0.0009221788    0.8731556596
   1590  QLA4LE          Quadrupole          110.197   0.557    0.4874407868   -0.0009222381    0.8731555582
   1591  LTL087          Drift               110.903   0.707    0.4874407868   -0.0009222381    0.8731555582
   1592  BLA2LE          Sbend               116.806   5.902    0.1799167443   -0.0009222389    0.9836814091
   1593  LTL088          Drift               118.086   1.280    0.1799167443   -0.0009222389    0.9836814091
   1594  QLA5LE          Quadrupole          118.912   0.826    0.1799165833   -0.0009220414    0.9836814387
   1595  LTL089          Drift               119.099   0.187    0.1799165833   -0.0009220414    0.9836814387
   1596  MQLA5LE         Monitor             119.099   0.000    0.1799165833   -0.0009220414    0.9836814387
   1597  LTL090          Drift               119.181   0.083    0.1799165833   -0.0009220414    0.9836814387
   1598  ZVQLA5LE        Sbend               119.526   0.344    0.1799165833   -0.0009220414    0.9836814387
   1599  LTL091          Drift               128.619   9.093    0.1799165833   -0.0009220414    0.9836814387
   1600  QLA6LE          Quadrupole          129.445   0.826    0.1799171874   -0.0009221719    0.9836813281
   1601  LTL092          Drift               129.632   0.187    0.1799171874   -0.0009221719    0.9836813281
   1602  MQLA6LE         Monitor             129.632   0.000    0.1799171874   -0.0009221719    0.9836813281
   1603  LTL093          Drift               129.714   0.083    0.1799171874   -0.0009221719    0.9836813281
   1604  ZHQLA6LE        Sbend               130.059   0.344    0.1799171874   -0.0009221719    0.9836813281
   1605  LTL094          Drift               133.316   3.258    0.1799171874   -0.0009221719    0.9836813281
   1606  ZVQLA7LE        Sbend               133.661   0.344    0.1799171874   -0.0009221719    0.9836813281
   1607  LTL095          Drift               133.744   0.083    0.1799171874   -0.0009221719    0.9836813281
   1608  MQLA7LE         Monitor             133.744   0.000    0.1799171874   -0.0009221719    0.9836813281
   1609  LTL096          Drift               133.931   0.187    0.1799171874   -0.0009221719    0.9836813281
   1610  QLA7LE          Quadrupole          134.757   0.826    0.1799170359   -0.0009220240    0.9836813560
   1611  LTL097          Drift               134.944   0.187    0.1799170359   -0.0009220240    0.9836813560
   1612  LTL098          Drift               135.630   0.687    0.1799170359   -0.0009220240    0.9836813560
   1613  BLA4LE          Sbend               141.533   5.902   -0.7671982882   -0.0009220250    0.6414093362
   1614  LTL099          Drift               142.420   0.888   -0.7671982882   -0.0009220250    0.6414093362
   1615  QLA8LE          Quadrupole          142.990   0.570   -0.7671985314   -0.0009220822    0.6414090451
   1616  LTL100          Drift               143.155   0.165   -0.7671985314   -0.0009220822    0.6414090451
   1617  MQLA8LE         Monitor             143.155   0.000   -0.7671985314   -0.0009220822    0.6414090451
   1618  LTL101          Drift               143.878   0.723   -0.7671985314   -0.0009220822    0.6414090451
   1619  BLA4LE          Sbend               149.780   5.902   -0.9362375198   -0.0009220819   -0.3513665553
   1620  LTL102          Drift               150.467   0.687   -0.9362375198   -0.0009220819   -0.3513665553
   1621  LTL103          Drift               150.654   0.187   -0.9362375198   -0.0009220819   -0.3513665553
   1622  QLA9LE          Quadrupole          151.480   0.826   -0.9362375376   -0.0009221040   -0.3513665080
   1623  LTL104          Drift               151.667   0.187   -0.9362375376   -0.0009221040   -0.3513665080
   1624  MQLA9LE         Monitor             151.667   0.000   -0.9362375376   -0.0009221040   -0.3513665080
   1625  LTL105          Drift               151.750   0.083   -0.9362375376   -0.0009221040   -0.3513665080
   1626  ZVQLA9LE        Sbend               152.094   0.344   -0.9362375376   -0.0009221040   -0.3513665080
   1627  LTL106          Drift               154.704   2.610   -0.9362375376   -0.0009221040   -0.3513665080
   1628  ZHQLA10LE       Sbend               155.049   0.344   -0.9362375376   -0.0009221040   -0.3513665080
   1629  LTL107          Drift               155.132   0.083   -0.9362375376   -0.0009221040   -0.3513665080
   1630  MQLA10LE        Monitor             155.132   0.000   -0.9362375376   -0.0009221040   -0.3513665080
   1631  LTL108          Drift               155.319   0.187   -0.9362375376   -0.0009221040   -0.3513665080
   1632  QLA10LE         Quadrupole          156.145   0.826   -0.9362375445   -0.0009221037   -0.3513664896
   1633  LTL109          Drift               159.752   3.607   -0.9362375445   -0.0009221037   -0.3513664896
   1634  MQF4E1          Monitor             159.752   0.000   -0.9362375445   -0.0009221037   -0.3513664896
   1635  LTL110          Drift               159.945   0.192   -0.9362375445   -0.0009221037   -0.3513664896
   1636  PTSULM          Marker              159.945   0.000   -0.9362375445   -0.0009221037   -0.3513664896
   1637  QF4E            Quadrupole          160.960   1.015   -0.9362375485   -0.0009221072   -0.3513664788
   1638  LTL111          Drift               161.080   0.120   -0.9362375485   -0.0009221072   -0.3513664788
   1639  ZHQF4E1         Sbend               161.424   0.344   -0.9362375485   -0.0009221072   -0.3513664788
   1640  LTL112          Drift               162.592   1.167   -0.9362375485   -0.0009221072   -0.3513664788
   1641  LZVF            Drift               162.842   0.250   -0.9362375485   -0.0009221072   -0.3513664788
   1642  LTL113          Drift               163.092   0.250   -0.9362375485   -0.0009221072   -0.3513664788
   1643  ZVQD3E1         Sbend               163.436   0.344   -0.9362375485   -0.0009221072   -0.3513664788
   1644  LTL114          Drift               163.551   0.115   -0.9362375485   -0.0009221072   -0.3513664788
   1645  QD3E            Quadrupole          164.377   0.826   -0.9362375196   -0.0009220758   -0.3513665561
   1646  LTL115          Drift               164.564   0.187   -0.9362375196   -0.0009220758   -0.3513665561
   1647  MQD3E1          Monitor             164.564   0.000   -0.9362375196   -0.0009220758   -0.3513665561
   1648  LTL116          Drift               164.758   0.194   -0.9362375196   -0.0009220758   -0.3513665561
   1649  SD3TLEA         Sad_Mult            165.788   1.030   -0.9362375196   -0.0009220758   -0.3513665561
   1650  LTL117          Drift               167.704   1.916   -0.9362375196   -0.0009220758   -0.3513665561
   1651  B2E             Sbend               173.606   5.902   -0.3196238116   -0.0009220748   -0.9475440722
   1652  LTL118          Drift               174.285   0.679   -0.3196238116   -0.0009220748   -0.9475440722
   1653  QF2E            Quadrupole          174.842   0.557   -0.3196241194   -0.0009221328   -0.9475439683
   1654  LTL119          Drift               175.014   0.172   -0.3196241194   -0.0009221328   -0.9475439683
   1655  MQF2E1          Monitor             175.014   0.000   -0.3196241194   -0.0009221328   -0.9475439683
   1656  LTL120          Drift               175.097   0.083   -0.3196241194   -0.0009221328   -0.9475439683
   1657  ZHQF2E1         Sbend               175.441   0.344   -0.3196241194   -0.0009221328   -0.9475439683
   1658  LTL121          Drift               178.481   3.040   -0.3196241194   -0.0009221328   -0.9475439683
   1659  ZVQD1E1         Sbend               178.826   0.344   -0.3196241194   -0.0009221328   -0.9475439683
   1660  LTL122#1        Drift               178.886   0.060   -0.3196241194   -0.0009221328   -0.9475439683
   1661  PQD1C_INVERSE   Marker              178.886   0.000   -0.3196241194   -0.0009221328   -0.9475439683
   1662  LTL122#2        Drift               178.946   0.060   -0.3196241194   -0.0009221328   -0.9475439683
   1663  QD1E            Quadrupole          179.961   1.015   -0.3196239374   -0.0009220135   -0.9475440299
   1664  LPQBE           Drift               180.154   0.192   -0.3196239374   -0.0009220135   -0.9475440299
   1665  MQD1E1          Monitor             180.154   0.000   -0.3196239374   -0.0009220135   -0.9475440299
   1666  LARC11          Drift               183.466   3.313   -0.3196239374   -0.0009220135   -0.9475440299
   1667  ZHQF2E2         Sbend               183.811   0.344   -0.3196239374   -0.0009220135   -0.9475440299
   1668  LX0QSE          Drift               183.893   0.083   -0.3196239374   -0.0009220135   -0.9475440299
   1669  MQF2E2          Monitor             183.893   0.000   -0.3196239374   -0.0009220135   -0.9475440299
   1670  LPQSE           Drift               184.065   0.172   -0.3196239374   -0.0009220135   -0.9475440299
   1671  QF2E            Quadrupole          184.622   0.557   -0.3196240548   -0.0009220324   -0.9475439903
   1672  LARC2           Drift               185.301   0.679   -0.3196240548   -0.0009220324   -0.9475439903
   1673  B2E             Sbend               191.203   5.902    0.5321179704   -0.0009220330   -0.8466697204
   1674  LARC3           Drift               193.119   1.916    0.5321179704   -0.0009220330   -0.8466697204
   1675  SD3TLEA         Sad_Mult            194.149   1.030    0.5321179704   -0.0009220330   -0.8466697204
   1676  LX7QAE          Drift               194.343   0.194    0.5321179704   -0.0009220330   -0.8466697204
   1677  MQD3E2          Monitor             194.343   0.000    0.5321179704   -0.0009220330   -0.8466697204
   1678  LPQAE           Drift               194.530   0.187    0.5321179704   -0.0009220330   -0.8466697204
   1679  QD3ELA          Quadrupole          195.356   0.826    0.5321178482   -0.0009221181   -0.8466697971
   1680  LX119E          Drift               195.471   0.115    0.5321178482   -0.0009221181   -0.8466697971
   1681  ZVQD3E2         Sbend               195.815   0.344    0.5321178482   -0.0009221181   -0.8466697971
   1682  LTL125          Drift               196.315   0.500    0.5321178482   -0.0009221181   -0.8466697971
   1683  LARC53          Drift               196.917   0.601    0.5321178482   -0.0009221181   -0.8466697971
   1684  SKBTLE          Sad_Mult            197.261   0.344    0.5321178482   -0.0009221181   -0.8466697971
   1685  LX222E          Drift               197.483   0.222    0.5321178482   -0.0009221181   -0.8466697971
   1686  ZHQF4E2         Sbend               197.827   0.344    0.5321178482   -0.0009221181   -0.8466697971
   1687  LX125E          Drift               197.947   0.120    0.5321178482   -0.0009221181   -0.8466697971
   1688  QF4ELA          Quadrupole          198.963   1.015    0.5321179539   -0.0009220905   -0.8466697307
   1689  LPQBE           Drift               199.155   0.192    0.5321179539   -0.0009220905   -0.8466697307
   1690  MQF4E2          Monitor             199.155   0.000    0.5321179539   -0.0009220905   -0.8466697307
   1691  LX4QBE          Drift               199.341   0.186    0.5321179539   -0.0009220905   -0.8466697307
   1692  SF4TLEA         Sad_Mult            199.675   0.334    0.5321179539   -0.0009220905   -0.8466697307
   1693  L8EE            Drift               202.303   2.628    0.5321179539   -0.0009220905   -0.8466697307
   1694  ZHQEAE3         Sbend               202.648   0.344    0.5321179539   -0.0009220905   -0.8466697307
   1695  LX119E          Drift               202.763   0.115    0.5321179539   -0.0009220905   -0.8466697307
   1696  QEAELA          Quadrupole          203.589   0.826    0.5321183193   -0.0009220237   -0.8466695012
   1697  LPQAE           Drift               203.776   0.187    0.5321183193   -0.0009220237   -0.8466695012
   1698  MQEAE3          Monitor             203.776   0.000    0.5321183193   -0.0009220237   -0.8466695012
   1699  LARC81          Drift               208.055   4.279    0.5321183193   -0.0009220237   -0.8466695012
   1700  ZVQD5E3         Sbend               208.399   0.344    0.5321183193   -0.0009220237   -0.8466695012
   1701  LX119E          Drift               208.514   0.115    0.5321183193   -0.0009220237   -0.8466695012
   1702  QD5ELA          Quadrupole          209.340   0.826    0.5321180825   -0.0009222266   -0.8466696497
   1703  LPQAE           Drift               209.527   0.187    0.5321180825   -0.0009222266   -0.8466696497
   1704  MQD5E3          Monitor             209.527   0.000    0.5321180825   -0.0009222266   -0.8466696497
   1705  L6E             Drift               210.214   0.687    0.5321180825   -0.0009222266   -0.8466696497
