  Index  name            key                      s       l              spin.x              spin.y              spin.z
   5710  L6E             Drift             2806.788   0.687  0.5321345745387720 -0.0008292490486177 -0.8466593806994948
   5711  MQD5E3          Monitor           2806.788   0.000  0.5321345745387720 -0.0008292490486177 -0.8466593806994948
   5712  LPQAE           Drift             2806.975   0.187  0.5321345745387720 -0.0008292490486177 -0.8466593806994948
   5713  QD5ELA          Quadrupole        2807.801   0.826  0.5321406320036430 -0.0008290719323387 -0.8466555736605592
   5714  LX119E          Drift             2807.915   0.115  0.5321406320036430 -0.0008290719323387 -0.8466555736605592
   5715  ZVQD5E3         Sbend             2808.260   0.344  0.5321406320036430 -0.0008290719323387 -0.8466555736605592
   5716  LARC81          Drift             2812.539   4.279  0.5321406320036430 -0.0008290719323387 -0.8466555736605592
   5717  MQEAE3          Monitor           2812.539   0.000  0.5321406320036430 -0.0008290719323387 -0.8466555736605592
   5718  LPQAE           Drift             2812.726   0.187  0.5321406320036430 -0.0008290719323387 -0.8466555736605592
   5719  QEAELA          Quadrupole        2813.552   0.826  0.5321282363578609 -0.0008291373868573 -0.8466633643909853
   5720  LX119E          Drift             2813.667   0.115  0.5321282363578609 -0.0008291373868573 -0.8466633643909853
   5721  ZHQEAE3         Sbend             2814.011   0.344  0.5321282363578609 -0.0008291373868573 -0.8466633643909853
   5722  L8EE            Drift             2816.640   2.628  0.5321282363578609 -0.0008291373868573 -0.8466633643909853
   5723  SF4TLEA         Sad_Mult          2816.974   0.334  0.5321282363578609 -0.0008291373868573 -0.8466633643909853
   5724  LX4QBE          Drift             2817.160   0.186  0.5321282363578609 -0.0008291373868573 -0.8466633643909853
   5725  MQF4E2          Monitor           2817.160   0.000  0.5321282363578609 -0.0008291373868573 -0.8466633643909853
   5726  LPQBE           Drift             2817.352   0.192  0.5321282363578609 -0.0008291373868573 -0.8466633643909853
   5727  QF4ELA          Quadrupole        2818.367   1.015  0.5321242666210347 -0.0008291691540422 -0.8466658593279500
   5728  LX125E          Drift             2818.487   0.120  0.5321242666210347 -0.0008291691540422 -0.8466658593279500
   5729  ZHQF4E2         Sbend             2818.832   0.344  0.5321242666210347 -0.0008291691540422 -0.8466658593279500
   5730  LX222E          Drift             2819.053   0.222  0.5321242666210347 -0.0008291691540422 -0.8466658593279500
   5731  SKBTLE          Sad_Mult          2819.398   0.344  0.5321242666210348 -0.0008291691540422 -0.8466658593279500
   5732  LARC53          Drift             2819.999   0.601  0.5321242666210348 -0.0008291691540422 -0.8466658593279500
   5733  LTL125          Drift             2820.499   0.500  0.5321242666210348 -0.0008291691540422 -0.8466658593279500
   5734  ZVQD3E2         Sbend             2820.844   0.344  0.5321242666210348 -0.0008291691540422 -0.8466658593279500
   5735  LX119E          Drift             2820.958   0.115  0.5321242666210348 -0.0008291691540422 -0.8466658593279500
   5736  QD3ELA          Quadrupole        2821.785   0.826  0.5321298958344082 -0.0008290632917092 -0.8466623214796537
   5737  LPQAE           Drift             2821.971   0.187  0.5321298958344082 -0.0008290632917092 -0.8466623214796537
   5738  MQD3E2          Monitor           2821.971   0.000  0.5321298958344082 -0.0008290632917092 -0.8466623214796537
   5739  LX7QAE          Drift             2822.165   0.194  0.5321298958344082 -0.0008290632917092 -0.8466623214796537
   5740  SD3TLEA         Sad_Mult          2823.195   1.030  0.5321298963018574 -0.0008290632742787 -0.8466623211858774
   5741  LARC3           Drift             2825.111   1.916  0.5321298963018574 -0.0008290632742787 -0.8466623211858774
   5742  B2E             Sbend             2831.014   5.902 -0.3196104320551754 -0.0008290625951291 -0.9475486712442338
   5743  LARC2           Drift             2831.693   0.679 -0.3196104320551754 -0.0008290625951291 -0.9475486712442338
   5744  QF2E            Quadrupole        2832.250   0.557 -0.3196175652907534 -0.0008290631161870 -0.9475462651564599
   5745  LPQSE           Drift             2832.421   0.172 -0.3196175652907534 -0.0008290631161870 -0.9475462651564599
   5746  MQF2E2          Monitor           2832.421   0.000 -0.3196175652907534 -0.0008290631161870 -0.9475462651564599
   5747  LX0QSE          Drift             2832.504   0.083 -0.3196175652907534 -0.0008290631161870 -0.9475462651564599
   5748  ZHQF2E2         Sbend             2832.849   0.344 -0.3196175652907534 -0.0008290631161870 -0.9475462651564599
   5749  LARC11          Drift             2836.161   3.313 -0.3196175652907534 -0.0008290631161870 -0.9475462651564599
   5750  MQD1E1          Monitor           2836.161   0.000 -0.3196175652907534 -0.0008290631161870 -0.9475462651564599
   5751  LPQBE           Drift             2836.353   0.192 -0.3196175652907534 -0.0008290631161870 -0.9475462651564599
   5752  QD1E            Quadrupole        2837.369   1.015 -0.3196115319455916 -0.0008291388678105 -0.9475483001811180
   5753  LTL122#2        Drift             2837.429   0.060 -0.3196115319455916 -0.0008291388678105 -0.9475483001811180
   5754  PQD1C_INVERSE   Marker            2837.429   0.000 -0.3196115319455916 -0.0008291388678105 -0.9475483001811180
   5755  LTL122#1        Drift             2837.489   0.060 -0.3196115319455916 -0.0008291388678105 -0.9475483001811180
   5756  ZVQD1E1         Sbend             2837.833   0.344 -0.3196115319455916 -0.0008291388678105 -0.9475483001811180
   5757  LTL121          Drift             2840.874   3.040 -0.3196115319455916 -0.0008291388678105 -0.9475483001811180
   5758  ZHQF2E1         Sbend             2841.218   0.344 -0.3196115319455916 -0.0008291388678105 -0.9475483001811180
   5759  LTL120          Drift             2841.301   0.083 -0.3196115319455916 -0.0008291388678105 -0.9475483001811180
   5760  MQF2E1          Monitor           2841.301   0.000 -0.3196115319455916 -0.0008291388678105 -0.9475483001811180
   5761  LTL119          Drift             2841.472   0.172 -0.3196115319455916 -0.0008291388678105 -0.9475483001811180
   5762  QF2E            Quadrupole        2842.029   0.557 -0.3196184922808176 -0.0008290894940299 -0.9475459524491379
   5763  LTL118          Drift             2842.709   0.679 -0.3196184922808176 -0.0008290894940299 -0.9475459524491379
   5764  B2E             Sbend             2848.611   5.902 -0.9362354837347906 -0.0008290912437383 -0.3513722123384093
   5765  LTL117          Drift             2850.527   1.916 -0.9362354837347906 -0.0008290912437383 -0.3513722123384093
   5766  SD3TLEA         Sad_Mult          2851.557   1.030 -0.9362354835533269 -0.0008290912507329 -0.3513722128219050
   5767  LTL116          Drift             2851.751   0.194 -0.9362354835533269 -0.0008290912507329 -0.3513722128219050
   5768  MQD3E1          Monitor           2851.751   0.000 -0.9362354835533269 -0.0008290912507329 -0.3513722128219050
   5769  LTL115          Drift             2851.938   0.187 -0.9362354835533269 -0.0008290912507329 -0.3513722128219050
   5770  QD3E            Quadrupole        2852.764   0.826 -0.9362332497806093 -0.0008291323932872 -0.3513781645815648
   5771  LTL114          Drift             2852.879   0.115 -0.9362332497806093 -0.0008291323932872 -0.3513781645815648
   5772  ZVQD3E1         Sbend             2853.223   0.344 -0.9362332497806093 -0.0008291323932872 -0.3513781645815648
   5773  LTL113          Drift             2853.473   0.250 -0.9362332497806093 -0.0008291323932872 -0.3513781645815648
   5774  LZVF            Drift             2853.723   0.250 -0.9362332497806093 -0.0008291323932872 -0.3513781645815648
   5775  LTL112          Drift             2854.890   1.167 -0.9362332497806093 -0.0008291323932872 -0.3513781645815648
   5776  ZHQF4E1         Sbend             2855.235   0.344 -0.9362332497806093 -0.0008291323932872 -0.3513781645815648
   5777  LTL111          Drift             2855.355   0.120 -0.9362332497806093 -0.0008291323932872 -0.3513781645815648
   5778  QF4E            Quadrupole        2856.370   1.015 -0.9362340394613727 -0.0008291272882635 -0.3513760605132005
   5779  PTSULM          Marker            2856.370   0.000 -0.9362340394613727 -0.0008291272882635 -0.3513760605132005
   5780  LTL110          Drift             2856.563   0.192 -0.9362340394613727 -0.0008291272882635 -0.3513760605132005
   5781  MQF4E1          Monitor           2856.563   0.000 -0.9362340394613727 -0.0008291272882635 -0.3513760605132005
   5782  LTL109          Drift             2860.170   3.607 -0.9362340394613727 -0.0008291272882635 -0.3513760605132005
   5783  QLA10LE         Quadrupole        2860.996   0.826 -0.9362403924740635 -0.0008291189606698 -0.3513591326004722
   5784  LTL108          Drift             2861.183   0.187 -0.9362403924740635 -0.0008291189606698 -0.3513591326004722
   5785  MQLA10LE        Monitor           2861.183   0.000 -0.9362403924740635 -0.0008291189606698 -0.3513591326004722
   5786  LTL107          Drift             2861.266   0.083 -0.9362403924740635 -0.0008291189606698 -0.3513591326004722
   5787  ZHQLA10LE       Sbend             2861.610   0.344 -0.9362403924740635 -0.0008291189606698 -0.3513591326004722
   5788  LTL106          Drift             2864.220   2.610 -0.9362403924740635 -0.0008291189606698 -0.3513591326004722
   5789  ZVQLA9LE        Sbend             2864.565   0.344 -0.9362403924740635 -0.0008291189606698 -0.3513591326004722
   5790  LTL105          Drift             2864.647   0.083 -0.9362403924740635 -0.0008291189606698 -0.3513591326004722
   5791  MQLA9LE         Monitor           2864.647   0.000 -0.9362403924740635 -0.0008291189606698 -0.3513591326004722
   5792  LTL104          Drift             2864.834   0.187 -0.9362403924740635 -0.0008291189606698 -0.3513591326004722
   5793  QLA9LE          Quadrupole        2865.661   0.826 -0.9362373144220079 -0.0008291137221600 -0.3513673343586421
   5794  LTL103          Drift             2865.847   0.187 -0.9362373144220079 -0.0008291137221600 -0.3513673343586421
   5795  LTL102          Drift             2866.534   0.687 -0.9362373144220079 -0.0008291137221600 -0.3513673343586421
   5796  BLA4LE          Sbend             2872.436   5.902 -0.7671993908133071 -0.0008291122693476  0.6414081440927697
   5797  LTL101          Drift             2873.159   0.723 -0.7671993908133071 -0.0008291122693476  0.6414081440927697
   5798  MQLA8LE         Monitor           2873.159   0.000 -0.7671993908133071 -0.0008291122693476  0.6414081440927697
   5799  LTL100          Drift             2873.324   0.165 -0.7671993908133071 -0.0008291122693476  0.6414081440927697
   5800  QLA8LE          Quadrupole        2873.894   0.570 -0.7671911288092840 -0.0008290538169487  0.6414180263651010
   5801  LTL099          Drift             2874.782   0.888 -0.7671911288092840 -0.0008290538169487  0.6414180263651010
   5802  BLA4LE          Sbend             2880.684   5.902  0.1799276922004467 -0.0008290523157024  0.9836794895959127
   5803  LTL098          Drift             2881.371   0.687  0.1799276922004467 -0.0008290523157024  0.9836794895959127
   5804  LTL097          Drift             2881.558   0.187  0.1799276922004467 -0.0008290523157024  0.9836794895959127
   5805  QLA7LE          Quadrupole        2882.384   0.826  0.1799277544132346 -0.0008292372207474  0.9836794780605310
   5806  LTL096          Drift             2882.571   0.187  0.1799277544132346 -0.0008292372207474  0.9836794780605310
   5807  MQLA7LE         Monitor           2882.571   0.000  0.1799277544132346 -0.0008292372207474  0.9836794780605310
   5808  LTL095          Drift             2882.654   0.083  0.1799277544132346 -0.0008292372207474  0.9836794780605310
   5809  ZVQLA7LE        Sbend             2882.998   0.344  0.1799277544132346 -0.0008292372207474  0.9836794780605310
   5810  LTL094          Drift             2886.256   3.258  0.1799277544132346 -0.0008292372207474  0.9836794780605310
   5811  ZHQLA6LE        Sbend             2886.600   0.344  0.1799277544132346 -0.0008292372207474  0.9836794780605310
   5812  LTL093          Drift             2886.683   0.083  0.1799277544132346 -0.0008292372207474  0.9836794780605310
   5813  MQLA6LE         Monitor           2886.683   0.000  0.1799277544132346 -0.0008292372207474  0.9836794780605310
   5814  LTL092          Drift             2886.870   0.187  0.1799277544132346 -0.0008292372207474  0.9836794780605310
   5815  QLA6LE          Quadrupole        2887.696   0.826  0.1799263072221259 -0.0008290663470345  0.9836797429135142
   5816  LTL091          Drift             2896.789   9.093  0.1799263072221259 -0.0008290663470345  0.9836797429135142
   5817  ZVQLA5LE        Sbend             2897.133   0.344  0.1799263072221259 -0.0008290663470345  0.9836797429135142
   5818  LTL090          Drift             2897.216   0.083  0.1799263072221259 -0.0008290663470345  0.9836797429135142
   5819  MQLA5LE         Monitor           2897.216   0.000  0.1799263072221259 -0.0008290663470345  0.9836797429135142
   5820  LTL089          Drift             2897.403   0.187  0.1799263072221259 -0.0008290663470345  0.9836797429135142
   5821  QLA5LE          Quadrupole        2898.229   0.826  0.1799272663549855 -0.0008293415380446  0.9836795672446548
   5822  LTL088          Drift             2899.509   1.280  0.1799272663549855 -0.0008293415380446  0.9836795672446548
   5823  BLA2LE          Sbend             2905.411   5.902  0.4874500342399413 -0.0008293404379943  0.8731504889272605
   5824  LTL087          Drift             2906.118   0.707  0.4874500342399413 -0.0008293404379943  0.8731504889272605
   5825  QLA4LE          Quadrupole        2906.675   0.557  0.4874489231005940 -0.0008292467277746  0.8731511093264052
   5826  LTL086          Drift             2906.847   0.172  0.4874489231005940 -0.0008292467277746  0.8731511093264052
   5827  MQLA4LE         Monitor           2906.847   0.000  0.4874489231005940 -0.0008292467277746  0.8731511093264052
   5828  LTL085          Drift             2909.961   3.114  0.4874489231005940 -0.0008292467277746  0.8731511093264052
   5829  ZVF4LE          Sbend             2910.211   0.250  0.4874489231005940 -0.0008292467277746  0.8731511093264052
   5830  LTL124          Drift             2910.687   0.477  0.4874489231005940 -0.0008292467277746  0.8731511093264052
   5831  ZVQLA3LE        Sbend             2911.032   0.344  0.4874489231005940 -0.0008292467277746  0.8731511093264052
   5832  LTL084          Drift             2911.115   0.083  0.4874489231005940 -0.0008292467277746  0.8731511093264052
   5833  MQLA3LE         Monitor           2911.115   0.000  0.4874489231005940 -0.0008292467277746  0.8731511093264052
   5834  LTL083          Drift             2911.280   0.165  0.4874489231005940 -0.0008292467277746  0.8731511093264052
   5835  QLA3LE          Quadrupole        2911.850   0.570  0.4874463974928798 -0.0008292480699771  0.8731525192764711
   5836  LTL082          Drift             2913.264   1.415  0.4874463974928798 -0.0008292480699771  0.8731525192764711
   5837  PMD01H1         Ecollimator       2913.264   0.000  0.4874463974928798 -0.0008292480699771  0.8731525192764711
   5838  LTL081          Drift             2916.230   2.966  0.4874463974928798 -0.0008292480699771  0.8731525192764711
   5839  ZHQLA2LE        Sbend             2916.575   0.344  0.4874463974928798 -0.0008292480699771  0.8731525192764711
   5840  LTL080          Drift             2916.667   0.093  0.4874463974928798 -0.0008292480699771  0.8731525192764711
   5841  QLA2LE          Quadrupole        2917.238   0.570  0.4874558625495617 -0.0008293462970950  0.8731472351503946
   5842  LTL079          Drift             2917.403   0.165  0.4874558625495617 -0.0008293462970950  0.8731472351503946
   5843  MQLA2LE         Monitor           2917.403   0.000  0.4874558625495617 -0.0008293462970950  0.8731472351503946
   5844  LTL078          Drift             2917.583   0.180  0.4874558625495617 -0.0008293462970950  0.8731472351503946
   5845  SLXTLEA#2       Sad_Mult          2917.833   0.250  0.4874558625632399 -0.0008293462974522  0.8731472351427580
   5846  PSLXTLC         Marker            2917.833   0.000  0.4874558625632399 -0.0008293462974522  0.8731472351427580
   5847  SLXTLEA#1       Sad_Mult          2918.083   0.250  0.4874558625750489 -0.0008293462978476  0.8731472351361649
   5848  LTL077          Drift             2921.432   3.350  0.4874558625750489 -0.0008293462978476  0.8731472351361649
   5849  ZVQLX1LE2       Sbend             2921.776   0.344  0.4874558625750489 -0.0008293462978476  0.8731472351361649
   5850  LTL076          Drift             2921.859   0.083  0.4874558625750489 -0.0008293462978476  0.8731472351361649
   5851  MQLX1LE2        Monitor           2921.859   0.000  0.4874558625750489 -0.0008293462978476  0.8731472351361649
   5852  LTL075          Drift             2922.024   0.165  0.4874558625750489 -0.0008293462978476  0.8731472351361649
   5853  QLX1LE          Quadrupole        2922.594   0.570  0.4874526662630796 -0.0008289863368332  0.8731490198898832
   5854  LTL074          Drift             2922.789   0.195  0.4874526662630796 -0.0008289863368332  0.8731490198898832
   5855  LTL073          Drift             2923.309   0.519  0.4874526662630796 -0.0008289863368332  0.8731490198898832
   5856  BLX2LE          Sbend             2927.270   3.961  0.7964999642426568 -0.0008289899734151  0.6046380071886531
   5857  LTL072          Drift             2927.819   0.549  0.7964999642426568 -0.0008289899734151  0.6046380071886531
   5858  MQLX2LE         Monitor           2927.819   0.000  0.7964999642426568 -0.0008289899734151  0.6046380071886531
   5859  LTL071          Drift             2927.984   0.165  0.7964999642426568 -0.0008289899734151  0.6046380071886531
   5860  QLX2LE#2        Quadrupole        2928.269   0.285  0.7965007956399599 -0.0008290002346835  0.6046369119591667
   5861  PQLX2LC         Marker            2928.269   0.000  0.7965007956399599 -0.0008290002346835  0.6046369119591667
   5862  QLX2LE#1        Quadrupole        2928.554   0.285  0.7965016398488637 -0.0008290005170410  0.6046357998631980
   5863  LTL070          Drift             2928.719   0.165  0.7965016398488637 -0.0008290005170410  0.6046357998631980
   5864  LTL069          Drift             2929.269   0.549  0.7965016398488637 -0.0008290005170410  0.6046357998631980
   5865  BLX2LE          Sbend             2933.230   3.961  0.9720477394314627 -0.0008290056393522  0.2347818242876319
   5866  LTL068          Drift             2933.749   0.519  0.9720477394314627 -0.0008290056393522  0.2347818242876319
   5867  LTL067          Drift             2933.944   0.195  0.9720477394314627 -0.0008290056393522  0.2347818242876319
   5868  QLX1LE          Quadrupole        2934.514   0.570  0.9720469378786877 -0.0008290938918035  0.2347851425537409
   5869  LTL066          Drift             2934.679   0.165  0.9720469378786877 -0.0008290938918035  0.2347851425537409
   5870  MQLX1LE1        Monitor           2934.679   0.000  0.9720469378786877 -0.0008290938918035  0.2347851425537409
   5871  LTL065          Drift             2934.762   0.083  0.9720469378786877 -0.0008290938918035  0.2347851425537409
   5872  ZVQLX1LE1       Sbend             2935.106   0.344  0.9720469378786877 -0.0008290938918035  0.2347851425537409
   5873  LTL064          Drift             2938.456   3.350  0.9720469378786877 -0.0008290938918035  0.2347851425537409
   5874  SLXTLEA         Sad_Mult          2938.956   0.500  0.9720469378900835 -0.0008290938914169  0.2347851425065623
   5875  LTL063#2        Drift             2939.046   0.090  0.9720469378900835 -0.0008290938914169  0.2347851425065623
   5876  PSLXTLC_INVERSE Marker            2939.046   0.000  0.9720469378900835 -0.0008290938914169  0.2347851425065623
   5877  LTL063#1        Drift             2939.136   0.090  0.9720469378900835 -0.0008290938914169  0.2347851425065623
   5878  MQLB4LE         Monitor           2939.136   0.000  0.9720469378900835 -0.0008290938914169  0.2347851425065623
   5879  LTL062          Drift             2939.301   0.165  0.9720469378900835 -0.0008290938914169  0.2347851425065623
   5880  QLB4LE          Quadrupole        2939.871   0.570  0.9720489984612719 -0.0008290696404773  0.2347766113435602
   5881  LTL061          Drift             2939.964   0.093  0.9720489984612719 -0.0008290696404773  0.2347766113435602
   5882  ZHQLB4LE        Sbend             2940.308   0.344  0.9720489984612719 -0.0008290696404773  0.2347766113435602
   5883  LTL060          Drift             2941.331   1.023  0.9720489984612719 -0.0008290696404773  0.2347766113435602
   5884  PMD01H2         Ecollimator       2941.331   0.000  0.9720489984612719 -0.0008290696404773  0.2347766113435602
   5885  LTL059          Drift             2946.381   5.050  0.9720489984612719 -0.0008290696404773  0.2347766113435602
   5886  ZVF3LE          Sbend             2946.631   0.250  0.9720489984612719 -0.0008290696404773  0.2347766113435602
   5887  LTL123          Drift             2946.902   0.271  0.9720489984612719 -0.0008290696404773  0.2347766113435602
   5888  ZVQLB3LE        Sbend             2947.247   0.344  0.9720489984612719 -0.0008290696404773  0.2347766113435602
   5889  LTL058          Drift             2947.329   0.083  0.9720489984612719 -0.0008290696404773  0.2347766113435602
   5890  MQLB3LE         Monitor           2947.329   0.000  0.9720489984612719 -0.0008290696404773  0.2347766113435602
   5891  LTL057          Drift             2947.498   0.168  0.9720489984612719 -0.0008290696404773  0.2347766113435602
   5892  QLB3LE          Quadrupole        2948.621   1.123  0.9720484328809095 -0.0008290626189839  0.2347789530365480
   5893  LTL056          Drift             2949.574   0.952  0.9720484328809095 -0.0008290626189839  0.2347789530365480
   5894  BLB1LE          Sbend             2953.535   3.961  0.8237877570154895 -0.0008290631287641  0.5668977368500538
   5895  LTL055          Drift             2954.571   1.036  0.8237877570154895 -0.0008290631287641  0.5668977368500538
   5896  PMD01V1         Ecollimator       2954.571   0.000  0.8237877570154895 -0.0008290631287641  0.5668977368500538
   5897  LTL054          Drift             2955.556   0.985  0.8237877570154895 -0.0008290631287641  0.5668977368500538
   5898  QLB2LE          Quadrupole        2956.126   0.570  0.8237851622498964 -0.0008290990827503  0.5669015073640379
   5899  LTL053          Drift             2956.291   0.165  0.8237851622498964 -0.0008290990827503  0.5669015073640379
   5900  MQLB2LE         Monitor           2956.291   0.000  0.8237851622498964 -0.0008290990827503  0.5669015073640379
   5901  LTL052          Drift             2956.374   0.083  0.8237851622498964 -0.0008290990827503  0.5669015073640379
   5902  ZHQLB2LE        Sbend             2956.718   0.344  0.8237851622498964 -0.0008290990827503  0.5669015073640379
   5903  LTL051          Drift             2960.356   3.638  0.8237851622498964 -0.0008290990827503  0.5669015073640379
   5904  QLB1LE          Quadrupole        2960.926   0.570  0.8237866470335665 -0.0008290407737881  0.5668993498502050
   5905  LTL050          Drift             2961.091   0.165  0.8237866470335665 -0.0008290407737881  0.5668993498502050
   5906  MQLB1LE         Monitor           2961.091   0.000  0.8237866470335665 -0.0008290407737881  0.5668993498502050
   5907  LTL049          Drift             2961.321   0.230  0.8237866470335665 -0.0008290407737881  0.5668993498502050
   5908  SLYTLE2A#2      Sad_Mult          2961.621   0.300  0.8237866470540945 -0.0008290407722467  0.5668993498203770
   5909  PSLYTLC         Marker            2961.621   0.000  0.8237866470540945 -0.0008290407722467  0.5668993498203770
   5910  SLYTLE2A#1      Sad_Mult          2961.921   0.300  0.8237866470776577 -0.0008290407706161  0.5668993497861389
   5911  LTL048          Drift             2962.470   0.549  0.8237866470776577 -0.0008290407706161  0.5668993497861389
   5912  QLY1LE          Quadrupole        2962.932   0.462  0.8237879019148689 -0.0008290028667887  0.5668975263775110
   5913  LTL047          Drift             2963.101   0.169  0.8237879019148689 -0.0008290028667887  0.5668975263775110
   5914  MQLY1LE2        Monitor           2963.101   0.000  0.8237879019148689 -0.0008290028667887  0.5668975263775110
   5915  LTL046          Drift             2963.184   0.083  0.8237879019148689 -0.0008290028667887  0.5668975263775110
   5916  ZVQLY1LE2       Sbend             2963.528   0.344  0.8237879019148689 -0.0008290028667887  0.5668975263775110
   5917  LTL045          Drift             2966.711   3.183  0.8237879019148689 -0.0008290028667887  0.5668975263775110
   5918  PMD01H3         Ecollimator       2966.711   0.000  0.8237879019148689 -0.0008290028667887  0.5668975263775110
   5919  LTL044          Drift             2967.830   1.118  0.8237879019148689 -0.0008290028667887  0.5668975263775110
   5920  ZVQLY2LE2       Sbend             2968.174   0.344  0.8237879019148689 -0.0008290028667887  0.5668975263775110
   5921  LTL043          Drift             2968.257   0.083  0.8237879019148689 -0.0008290028667887  0.5668975263775110
   5922  MQLY2LE2        Monitor           2968.257   0.000  0.8237879019148689 -0.0008290028667887  0.5668975263775110
   5923  LTL042          Drift             2968.422   0.165  0.8237879019148689 -0.0008290028667887  0.5668975263775110
   5924  QLY2LE          Quadrupole        2968.992   0.570  0.8237822964387957 -0.0008290229868752  0.5669056718669402
   5925  LTL041          Drift             2969.157   0.165  0.8237822964387957 -0.0008290229868752  0.5669056718669402
   5926  LTL040          Drift             2969.906   0.749  0.8237822964387957 -0.0008290229868752  0.5669056718669402
   5927  BLY1LE          Sbend             2973.868   3.961  0.5124475980136191 -0.0008290221497698  0.8587180981045777
   5928  LTL039          Drift             2974.617   0.749  0.5124475980136191 -0.0008290221497698  0.8587180981045777
   5929  MQLY3LE         Monitor           2974.617   0.000  0.5124475980136191 -0.0008290221497698  0.8587180981045777
   5930  LTL038          Drift             2974.782   0.165  0.5124475980136191 -0.0008290221497698  0.8587180981045777
   5931  QLY3LE#2        Quadrupole        2975.067   0.285  0.5124497384094620 -0.0008290325653194  0.8587168207908095
   5932  PQLY3LC         Marker            2975.067   0.000  0.5124497384094620 -0.0008290325653194  0.8587168207908095
   5933  QLY3LE#1        Quadrupole        2975.352   0.285  0.5124518412343926 -0.0008290449167340  0.8587155658889633
   5934  LTL037          Drift             2975.517   0.165  0.5124518412343926 -0.0008290449167340  0.8587155658889633
   5935  LTL036          Drift             2976.266   0.749  0.5124518412343926 -0.0008290449167340  0.8587155658889633
   5936  BLY1LE          Sbend             2980.228   3.961  0.1078093489627299 -0.0008290448272852  0.9941712412662630
   5937  LTL035          Drift             2980.977   0.749  0.1078093489627299 -0.0008290448272852  0.9941712412662630
   5938  LTL034          Drift             2981.142   0.165  0.1078093489627299 -0.0008290448272852  0.9941712412662630
   5939  QLY2LE          Quadrupole        2981.712   0.570  0.1077997210768584 -0.0008289926986217  0.9941722853242552
   5940  LTL033          Drift             2981.877   0.165  0.1077997210768584 -0.0008289926986217  0.9941722853242552
   5941  MQLY2LE1        Monitor           2981.877   0.000  0.1077997210768584 -0.0008289926986217  0.9941722853242552
   5942  LTL032          Drift             2981.960   0.083  0.1077997210768584 -0.0008289926986217  0.9941722853242552
   5943  ZVQLY2LE1       Sbend             2982.304   0.344  0.1077997210768584 -0.0008289926986217  0.9941722853242552
   5944  LTL031          Drift             2985.414   3.109  0.1077997210768584 -0.0008289926986217  0.9941722853242552
   5945  PMD01H4         Ecollimator       2985.414   0.000  0.1077997210768584 -0.0008289926986217  0.9941722853242552
   5946  LTL030          Drift             2986.605   1.192  0.1077997210768584 -0.0008289926986217  0.9941722853242552
   5947  ZVQLY1LE1       Sbend             2986.950   0.344  0.1077997210768584 -0.0008289926986217  0.9941722853242552
   5948  LTL029          Drift             2987.033   0.083  0.1077997210768584 -0.0008289926986217  0.9941722853242552
   5949  MQLY1LE1        Monitor           2987.033   0.000  0.1077997210768584 -0.0008289926986217  0.9941722853242552
   5950  LTL028          Drift             2987.201   0.169  0.1077997210768584 -0.0008289926986217  0.9941722853242552
   5951  QLY1LE          Quadrupole        2987.664   0.462  0.1078018522089842 -0.0008290604674699  0.9941720541833031
   5952  LTL027          Drift             2988.213   0.549  0.1078018522089842 -0.0008290604674699  0.9941720541833031
   5953  SLYTLE1A        Sad_Mult          2988.813   0.600  0.1078018523709329 -0.0008290604793261  0.9941720541657325
   5954  LTL026#2        Drift             2988.928   0.115  0.1078018523709329 -0.0008290604793261  0.9941720541657325
   5955  PSLYTLC_INVERSE Marker            2988.928   0.000  0.1078018523709329 -0.0008290604793261  0.9941720541657325
   5956  LTL026#1        Drift             2989.043   0.115  0.1078018523709329 -0.0008290604793261  0.9941720541657325
   5957  MQLC7LE         Monitor           2989.043   0.000  0.1078018523709329 -0.0008290604793261  0.9941720541657325
   5958  LTL025          Drift             2989.208   0.165  0.1078018523709329 -0.0008290604793261  0.9941720541657325
   5959  QLC7LE          Quadrupole        2989.778   0.570  0.1078026534421137 -0.0008290933869446  0.9941719672747719
   5960  LTL024          Drift             2990.014   0.237  0.1078026534421137 -0.0008290933869446  0.9941719672747719
   5961  BC4LE           Sbend             2990.375   0.361  0.1078026534278462 -0.0081162238455309  0.9941391828232097
   5962  LTL023          Drift             2993.135   2.760  0.1078026534278462 -0.0081162238455309  0.9941391828232097
   5963  BC3LE           Sbend             2993.496   0.361  0.1078026534155583 -0.0017476509073176  0.9941707768954311
   5964  LTL022          Drift             2993.733   0.237  0.1078026534155583 -0.0017476509073176  0.9941707768954311
   5965  QLC5LE          Quadrupole        2994.303   0.570  0.1078036979269564 -0.0017477215750603  0.9941706635093210
   5966  LTL021          Drift             2994.468   0.165  0.1078036979269564 -0.0017477215750603  0.9941706635093210
   5967  MQLC5LE         Monitor           2994.468   0.000  0.1078036979269564 -0.0017477215750603  0.9941706635093210
   5968  LTL020          Drift             2995.368   0.900  0.1078036979269564 -0.0017477215750603  0.9941706635093210
   5969  ZHF2LE          Sbend             2995.618   0.250  0.1078036979269564 -0.0017477215750603  0.9941706635093210
   5970  LTL019          Drift             2995.868   0.250  0.1078036979269564 -0.0017477215750603  0.9941706635093210
   5971  ZVF2LE          Sbend             2996.118   0.250  0.1078036979269564 -0.0017477215750603  0.9941706635093210
   5972  LTL018          Drift             2996.861   0.744  0.1078036979269564 -0.0017477215750603  0.9941706635093210
   5973  ZHQLC4LE        Sbend             2997.206   0.344  0.1078036979269564 -0.0017477215750603  0.9941706635093210
   5974  LTL017          Drift             2997.289   0.083  0.1078036979269564 -0.0017477215750603  0.9941706635093210
   5975  MQLC4LE         Monitor           2997.289   0.000  0.1078036979269564 -0.0017477215750603  0.9941706635093210
   5976  LTL016          Drift             2997.454   0.165  0.1078036979269564 -0.0017477215750603  0.9941706635093210
   5977  QLC4LE          Quadrupole        2998.024   0.570  0.1078030865689040 -0.0017476983595910  0.9941707298430462
   5978  LTL015          Drift             2998.260   0.237  0.1078030865689040 -0.0017476983595910  0.9941707298430462
   5979  BC2LE           Sbend             2998.621   0.361  0.1078030865558747  0.0073174297529944  0.9941453363320827
   5980  LTL014          Drift             2999.489   0.867  0.1078030865558747  0.0073174297529944  0.9941453363320827
   5981  PMD01H5         Ecollimator       2999.489   0.000  0.1078030865558747  0.0073174297529944  0.9941453363320827
   5982  LTL013          Drift             3000.518   1.029  0.1078030865558747  0.0073174297529944  0.9941453363320827
   5983  ZHF1LE          Sbend             3000.768   0.250  0.1078030865558747  0.0073174297529944  0.9941453363320827
   5984  LTL012          Drift             3001.018   0.250  0.1078030865558747  0.0073174297529944  0.9941453363320827
   5985  ZVF1LE          Sbend             3001.268   0.250  0.1078030865558747  0.0073174297529944  0.9941453363320827
   5986  LTL011          Drift             3001.630   0.362  0.1078030865558747  0.0073174297529944  0.9941453363320827
   5987  BC1LE           Sbend             3001.991   0.361  0.1078030865467805 -0.0008291408799379  0.9941719202715305
   5988  LTL010          Drift             3003.379   1.388  0.1078030865467805 -0.0008291408799379  0.9941719202715305
   5989  MQLC3LE         Monitor           3003.379   0.000  0.1078030865467805 -0.0008291408799379  0.9941719202715305
   5990  LTL009          Drift             3003.544   0.165  0.1078030865467805 -0.0008291408799379  0.9941719202715305
   5991  QLC3LE          Quadrupole        3004.114   0.570  0.1078036898156568 -0.0008290842418616  0.9941718549030862
   5992  LTL008          Drift             3004.354   0.239  0.1078036898156568 -0.0008290842418616  0.9941718549030862
   5993  QKCLE           Quadrupole        3004.698   0.344  0.1078036898156568 -0.0008290842418616  0.9941718549030862
   5994  LTL007          Drift             3005.208   0.510  0.1078036898156568 -0.0008290842418616  0.9941718549030862
   5995  BLC1LE          Sbend             3008.811   3.603  0.0140236050038259 -0.0008290842421328  0.9999013206922017
   5996  LTL006          Drift             3009.315   0.504  0.0140236050038259 -0.0008290842421328  0.9999013206922017
   5997  QKBLE           Quadrupole        3009.659   0.344  0.0140236050638442 -0.0008290846890351  0.9999013206909892
   5998  LTL005          Drift             3009.920   0.261  0.0140236050638442 -0.0008290846890351  0.9999013206909892
   5999  QLC2LE          Quadrupole        3010.458   0.538  0.0140235455793474 -0.0008290923950986  0.9999013215188672
   6000  LTL004          Drift             3010.639   0.181  0.0140235455793474 -0.0008290923950986  0.9999013215188672
   6001  MQLC2LE         Monitor           3010.639   0.000  0.0140235455793474 -0.0008290923950986  0.9999013215188672
   6002  LTL003          Drift             3010.722   0.083  0.0140235455793474 -0.0008290923950986  0.9999013215188672
   6003  ZHQLC2LE        Sbend             3011.066   0.344  0.0140235455793474 -0.0008290923950986  0.9999013215188672
   6004  LTL002          Drift             3011.870   0.804  0.0140235455793474 -0.0008290923950986  0.9999013215188672
   6005  QKALE           Quadrupole        3012.215   0.344  0.0140235455117228 -0.0008290918541474  0.9999013215202640
   6006  LTL001          Drift             3012.315   0.100  0.0140235455117228 -0.0008290918541474  0.9999013215202640
   6007  PIRL            Marker            3012.315   0.000  0.0140235455117228 -0.0008290918541474  0.9999013215202640
   7414  IP              Marker            3016.315   0.000  0.0000050919455491  0.0000969764365330  0.9999999952848165
