  Index  name            key                      s       l              spin.x              spin.y              spin.z
   5761  LTR119          Drift             2849.048   1.916 -0.3958321971746792  0.0011478345866905 -0.9183221407303672
   5762  SD3TREA         Sad_Mult          2850.078   1.030 -0.3958321971746792  0.0011478345866905 -0.9183221407303672
   5763  LTR118          Drift             2850.272   0.194 -0.3958321971746792  0.0011478345866905 -0.9183221407303672
   5764  MQD3E40         Monitor           2850.272   0.000 -0.3958321971746792  0.0011478345866905 -0.9183221407303672
   5765  LTR117          Drift             2850.459   0.187 -0.3958321971746792  0.0011478345866905 -0.9183221407303672
   5766  QD3ERA          Quadrupole        2851.285   0.826 -0.3958321160139182  0.0011477554806577 -0.9183221758126487
   5767  LTR116          Drift             2851.400   0.115 -0.3958321160139182  0.0011477554806577 -0.9183221758126487
   5768  ZVQD3E40        Sbend             2851.744   0.344 -0.3958321160139182  0.0011477554806577 -0.9183221758126487
   5769  LTR115          Drift             2851.994   0.250 -0.3958321160139182  0.0011477554806577 -0.9183221758126487
   5770  LZVF            Drift             2852.244   0.250 -0.3958321160139182  0.0011477554806577 -0.9183221758126487
   5771  LTR114          Drift             2853.412   1.167 -0.3958321160139182  0.0011477554806577 -0.9183221758126487
   5772  ZHQF4E40        Sbend             2853.756   0.344 -0.3958321160139182  0.0011477554806577 -0.9183221758126487
   5773  LTR113          Drift             2853.876   0.120 -0.3958321160139182  0.0011477554806577 -0.9183221758126487
   5774  QF4ERA          Quadrupole        2854.892   1.015 -0.3958321806333823  0.0011477759423419 -0.9183221479336019
   5775  PTSURM          Marker            2854.892   0.000 -0.3958321806333823  0.0011477759423419 -0.9183221479336019
   5776  LTR112          Drift             2855.084   0.192 -0.3958321806333823  0.0011477759423419 -0.9183221479336019
   5777  MQF4E40         Monitor           2855.084   0.000 -0.3958321806333823  0.0011477759423419 -0.9183221479336019
   5778  LTR111          Drift             2858.691   3.607 -0.3958321806333823  0.0011477759423419 -0.9183221479336019
   5779  QLA10REA        Quadrupole        2859.518   0.826 -0.3958324636043135  0.0011478455445059 -0.9183220258751952
   5780  LTR110          Drift             2859.705   0.187 -0.3958324636043135  0.0011478455445059 -0.9183220258751952
   5781  MQLA10RE        Monitor           2859.705   0.000 -0.3958324636043135  0.0011478455445059 -0.9183220258751952
   5782  LTR109          Drift             2859.787   0.083 -0.3958324636043135  0.0011478455445059 -0.9183220258751952
   5783  ZHQLA10RE       Sbend             2860.132   0.344 -0.3958324636043135  0.0011478455445059 -0.9183220258751952
   5784  LTR108          Drift             2863.532   3.401 -0.3958324636043135  0.0011478455445059 -0.9183220258751952
   5785  ZVQLA9RE        Sbend             2863.877   0.344 -0.3958324636043135  0.0011478455445059 -0.9183220258751952
   5786  LTR107          Drift             2863.960   0.083 -0.3958324636043135  0.0011478455445059 -0.9183220258751952
   5787  MQLA9RE         Monitor           2863.960   0.000 -0.3958324636043135  0.0011478455445059 -0.9183220258751952
   5788  LTR106          Drift             2864.146   0.187 -0.3958324636043135  0.0011478455445059 -0.9183220258751952
   5789  QLA9REA         Quadrupole        2864.973   0.826 -0.3958322986311677  0.0011476660953039 -0.9183220972092943
   5790  LTR105          Drift             2865.160   0.187 -0.3958322986311677  0.0011476660953039 -0.9183220972092943
   5791  LTR104          Drift             2865.846   0.687 -0.3958322986311677  0.0011476660953039 -0.9183220972092943
   5792  BLA6RE          Sbend             2871.749   5.902  0.3806664808383076  0.0011476657024475 -0.9247116919503020
   5793  LTR103          Drift             2872.643   0.894  0.3806664808383076  0.0011476657024475 -0.9247116919503020
   5794  QLA8REA         Quadrupole        2873.200   0.557  0.3806663519092907  0.0011476682282097 -0.9247117450220294
   5795  LTR102          Drift             2873.371   0.172  0.3806663519092907  0.0011476682282097 -0.9247117450220294
   5796  MQLA8RE         Monitor           2873.371   0.000  0.3806663519092907  0.0011476682282097 -0.9247117450220294
   5797  LTR101          Drift             2874.094   0.723  0.3806663519092907  0.0011476682282097 -0.9247117450220294
   5798  BLA6RE          Sbend             2879.996   5.902  0.9276263748769537  0.0011476719480875 -0.3735076859740874
   5799  LTR100          Drift             2880.683   0.687  0.9276263748769537  0.0011476719480875 -0.3735076859740874
   5800  LTR099          Drift             2880.870   0.187  0.9276263748769537  0.0011476719480875 -0.3735076859740874
   5801  QLA7REA         Quadrupole        2881.696   0.826  0.9276263551951224  0.0011477314684356 -0.3735077346720751
   5802  LTR098          Drift             2881.883   0.187  0.9276263551951224  0.0011477314684356 -0.3735077346720751
   5803  MQLA7RE         Monitor           2881.883   0.000  0.9276263551951224  0.0011477314684356 -0.3735077346720751
   5804  LTR097          Drift             2881.966   0.083  0.9276263551951224  0.0011477314684356 -0.3735077346720751
   5805  ZVQLA7RE        Sbend             2882.310   0.344  0.9276263551951224  0.0011477314684356 -0.3735077346720751
   5806  LTR096          Drift             2889.416   7.105  0.9276263551951224  0.0011477314684356 -0.3735077346720751
   5807  QLA6REA         Quadrupole        2890.242   0.826  0.9276264921284658  0.0011477038836081 -0.3735073946754054
   5808  LTR095          Drift             2890.429   0.187  0.9276264921284658  0.0011477038836081 -0.3735073946754054
   5809  MQLA6RE         Monitor           2890.429   0.000  0.9276264921284658  0.0011477038836081 -0.3735073946754054
   5810  LTR094          Drift             2890.511   0.083  0.9276264921284658  0.0011477038836081 -0.3735073946754054
   5811  ZHQLA6RE        Sbend             2890.856   0.344  0.9276264921284658  0.0011477038836081 -0.3735073946754054
   5812  LTR093          Drift             2893.576   2.720  0.9276264921284658  0.0011477038836081 -0.3735073946754054
   5813  QLA5RE          Quadrupole        2894.402   0.826  0.9276264273878658  0.0011477279318268 -0.3735075553883689
   5814  LTR092          Drift             2894.589   0.187  0.9276264273878658  0.0011477279318268 -0.3735075553883689
   5815  MQLA5RE         Monitor           2894.589   0.000  0.9276264273878658  0.0011477279318268 -0.3735075553883689
   5816  LTR091          Drift             2894.672   0.083  0.9276264273878658  0.0011477279318268 -0.3735075553883689
   5817  ZVQLA5RE        Sbend             2895.016   0.344  0.9276264273878658  0.0011477279318268 -0.3735075553883689
   5818  LTR090          Drift             2898.147   3.131  0.9276264273878658  0.0011477279318268 -0.3735075553883689
   5819  BLA4RE          Sbend             2904.049   5.902  0.9280649632370642  0.0011477257168016  0.3724165768832566
   5820  LTR089          Drift             2905.033   0.984  0.9280649632370642  0.0011477257168016  0.3724165768832566
   5821  QLA4RE          Quadrupole        2905.590   0.557  0.9280648918238215  0.0011477164496266  0.3724167548741152
   5822  LTR088          Drift             2905.761   0.172  0.9280648918238215  0.0011477164496266  0.3724167548741152
   5823  MQLA4RE         Monitor           2905.761   0.000  0.9280648918238215  0.0011477164496266  0.3724167548741152
   5824  LTR087          Drift             2910.106   4.345  0.9280648918238215  0.0011477164496266  0.3724167548741152
   5825  ZVF4RE          Sbend             2910.356   0.250  0.9280648918238215  0.0011477164496266  0.3724167548741152
   5826  LTR125          Drift             2910.979   0.623  0.9280648918238215  0.0011477164496266  0.3724167548741152
   5827  QLA3RE          Quadrupole        2911.549   0.570  0.9280648749320783  0.0011477583340697  0.3724167968393598
   5828  LTR086          Drift             2911.714   0.165  0.9280648749320783  0.0011477583340697  0.3724167968393598
   5829  MQLA3RE         Monitor           2911.714   0.000  0.9280648749320783  0.0011477583340697  0.3724167968393598
   5830  LTR085          Drift             2911.797   0.083  0.9280648749320783  0.0011477583340697  0.3724167968393598
   5831  ZVQLA3RE        Sbend             2912.141   0.344  0.9280648749320783  0.0011477583340697  0.3724167968393598
   5832  LTR084          Drift             2913.293   1.151  0.9280648749320783  0.0011477583340697  0.3724167968393598
   5833  BLA2RE          Sbend             2917.254   3.961  0.5934515732433401  0.0011477595501255  0.8048688792983589
   5834  LTR083          Drift             2919.806   2.552  0.5934515732433401  0.0011477595501255  0.8048688792983589
   5835  ZHQLA2RE        Sbend             2920.150   0.344  0.5934515732433401  0.0011477595501255  0.8048688792983589
   5836  LTR082          Drift             2920.243   0.093  0.5934515732433401  0.0011477595501255  0.8048688792983589
   5837  QLA2RE          Quadrupole        2920.813   0.570  0.5934516767599629  0.0011477517455708  0.8048688029838749
   5838  LTR081          Drift             2920.978   0.165  0.5934516767599629  0.0011477517455708  0.8048688029838749
   5839  MQLA2RE         Monitor           2920.978   0.000  0.5934516767599629  0.0011477517455708  0.8048688029838749
   5840  LTR080#1        Drift             2921.068   0.090  0.5934516767599629  0.0011477517455708  0.8048688029838749
   5841  PSLXTRC_INVERSE Marker            2921.068   0.000  0.5934516767599629  0.0011477517455708  0.8048688029838749
   5842  LTR080#2        Drift             2921.158   0.090  0.5934516767599629  0.0011477517455708  0.8048688029838749
   5843  SLXTREA         Sad_Mult          2921.658   0.500  0.5934516767607836  0.0011477517454697  0.8048688029832700
   5844  LTR079          Drift             2922.603   0.945  0.5934516767607836  0.0011477517454697  0.8048688029832700
   5845  QLX2RE          Quadrupole        2923.173   0.570  0.5934522026964837  0.0011477288682199  0.8048684152289201
   5846  LTR078          Drift             2923.338   0.165  0.5934522026964837  0.0011477288682199  0.8048684152289201
   5847  MQLX2RE1        Monitor           2923.338   0.000  0.5934522026964837  0.0011477288682199  0.8048684152289201
   5848  LTR077          Drift             2923.421   0.083  0.5934522026964837  0.0011477288682199  0.8048684152289201
   5849  ZHQLX2RE1       Sbend             2923.765   0.344  0.5934522026964837  0.0011477288682199  0.8048684152289201
   5850  LTR076          Drift             2925.058   1.293  0.5934522026964837  0.0011477288682199  0.8048684152289201
   5851  ZVQLX3RE1       Sbend             2925.403   0.344  0.5934522026964837  0.0011477288682199  0.8048684152289201
   5852  LTR075          Drift             2925.486   0.083  0.5934522026964837  0.0011477288682199  0.8048684152289201
   5853  MQLX3RE1        Monitor           2925.486   0.000  0.5934522026964837  0.0011477288682199  0.8048684152289201
   5854  LTR074          Drift             2925.651   0.165  0.5934522026964837  0.0011477288682199  0.8048684152289201
   5855  QLX3RE          Quadrupole        2926.221   0.570  0.5934518937996843  0.0011477568314197  0.8048686429472830
   5856  LTR073          Drift             2926.386   0.165  0.5934518937996843  0.0011477568314197  0.8048686429472830
   5857  LTR072          Drift             2926.935   0.549  0.5934518937996843  0.0011477568314197  0.8048686429472830
   5858  BLX1RE          Sbend             2930.896   3.961  0.8349448179583413  0.0011477562495065  0.5503324755273677
   5859  LTR071          Drift             2931.446   0.549  0.8349448179583413  0.0011477562495065  0.5503324755273677
   5860  LTR070          Drift             2931.611   0.165  0.8349448179583413  0.0011477562495065  0.5503324755273677
   5861  QLX4RE#1        Quadrupole        2931.896   0.285  0.8349448361616917  0.0011477636625593  0.5503324478944319
   5862  PQLX4RC         Marker            2931.896   0.000  0.8349448361616917  0.0011477636625593  0.5503324478944319
   5863  QLX4RE#2        Quadrupole        2932.181   0.285  0.8349448546431376  0.0011477709212264  0.5503324198398992
   5864  LTR069          Drift             2932.346   0.165  0.8349448546431376  0.0011477709212264  0.5503324198398992
   5865  MQLX4RE         Monitor           2932.346   0.000  0.8349448546431376  0.0011477709212264  0.5503324198398992
   5866  LTR068          Drift             2932.895   0.549  0.8349448546431376  0.0011477709212264  0.5503324198398992
   5867  BLX1RE          Sbend             2936.856   3.961  0.9736496586164980  0.0011477695735681  0.2280461025778783
   5868  LTR067          Drift             2937.406   0.549  0.9736496586164980  0.0011477695735681  0.2280461025778783
   5869  LTR066          Drift             2937.571   0.165  0.9736496586164980  0.0011477695735681  0.2280461025778783
   5870  QLX3RE          Quadrupole        2938.141   0.570  0.9736497374564719  0.0011477337125936  0.2280457661484767
   5871  LTR065          Drift             2938.306   0.165  0.9736497374564719  0.0011477337125936  0.2280457661484767
   5872  MQLX3RE2        Monitor           2938.306   0.000  0.9736497374564719  0.0011477337125936  0.2280457661484767
   5873  LTR064          Drift             2938.388   0.083  0.9736497374564719  0.0011477337125936  0.2280457661484767
   5874  ZVQLX3RE2       Sbend             2938.733   0.344  0.9736497374564719  0.0011477337125936  0.2280457661484767
   5875  LTR063          Drift             2940.026   1.293  0.9736497374564719  0.0011477337125936  0.2280457661484767
   5876  ZHQLX2RE2       Sbend             2940.370   0.344  0.9736497374564719  0.0011477337125936  0.2280457661484767
   5877  LTR062          Drift             2940.453   0.083  0.9736497374564719  0.0011477337125936  0.2280457661484767
   5878  MQLX2RE2        Monitor           2940.453   0.000  0.9736497374564719  0.0011477337125936  0.2280457661484767
   5879  LTR061          Drift             2940.618   0.165  0.9736497374564719  0.0011477337125936  0.2280457661484767
   5880  QLX2RE          Quadrupole        2941.188   0.570  0.9736495910409217  0.0011477459051998  0.2280463912127538
   5881  LTR060          Drift             2942.133   0.945  0.9736495910409217  0.0011477459051998  0.2280463912127538
   5882  SLXTREA#1       Sad_Mult          2942.383   0.250  0.9736495910409804  0.0011477459051924  0.2280463912125038
   5883  PSLXTRC         Marker            2942.383   0.000  0.9736495910409804  0.0011477459051924  0.2280463912125038
   5884  SLXTREA#2       Sad_Mult          2942.633   0.250  0.9736495910410390  0.0011477459051851  0.2280463912122538
   5885  LTR059          Drift             2942.813   0.180  0.9736495910410390  0.0011477459051851  0.2280463912122538
   5886  MQLB8RE         Monitor           2942.813   0.000  0.9736495910410390  0.0011477459051851  0.2280463912122538
   5887  LTR058          Drift             2942.978   0.165  0.9736495910410390  0.0011477459051851  0.2280463912122538
   5888  QLB8RE          Quadrupole        2943.548   0.570  0.9736495153377064  0.0011477497804009  0.2280467144097207
   5889  LTR057          Drift             2943.641   0.093  0.9736495153377064  0.0011477497804009  0.2280467144097207
   5890  ZHQLB8RE        Sbend             2943.985   0.344  0.9736495153377064  0.0011477497804009  0.2280467144097207
   5891  LTR056          Drift             2946.341   2.356  0.9736495153377064  0.0011477497804009  0.2280467144097207
   5892  ZVF3RE          Sbend             2946.591   0.250  0.9736495153377064  0.0011477497804009  0.2280467144097207
   5893  LTR126          Drift             2947.099   0.508  0.9736495153377064  0.0011477497804009  0.2280467144097207
   5894  QLB7RE          Quadrupole        2948.223   1.123  0.9736496229209132  0.0011477460224625  0.2280462550997261
   5895  LTR055          Drift             2948.391   0.168  0.9736496229209132  0.0011477460224625  0.2280462550997261
   5896  MQLB7RE         Monitor           2948.391   0.000  0.9736496229209132  0.0011477460224625  0.2280462550997261
   5897  LTR054          Drift             2948.474   0.083  0.9736496229209132  0.0011477460224625  0.2280462550997261
   5898  ZVQLB7RE        Sbend             2948.818   0.344  0.9736496229209132  0.0011477460224625  0.2280462550997261
   5899  LTR053          Drift             2949.626   0.808  0.9736496229209132  0.0011477460224625  0.2280462550997261
   5900  BLB2RE          Sbend             2953.588   3.961  0.8234729050549783  0.0011477452285864  0.5673544371212609
   5901  LTR052          Drift             2956.637   3.049  0.8234729050549783  0.0011477452285864  0.5673544371212609
   5902  ZHQLB4RE        Sbend             2956.982   0.344  0.8234729050549783  0.0011477452285864  0.5673544371212609
   5903  LTR051          Drift             2957.127   0.145  0.8234729050549783  0.0011477452285864  0.5673544371212609
   5904  QLB4RE          Quadrupole        2957.697   0.570  0.8234727303739305  0.0011476950087628  0.5673546907593593
   5905  LTR050          Drift             2957.862   0.165  0.8234727303739305  0.0011476950087628  0.5673546907593593
   5906  MQLB4RE         Monitor           2957.862   0.000  0.8234727303739305  0.0011476950087628  0.5673546907593593
   5907  LTR049          Drift             2959.820   1.958  0.8234727303739305  0.0011476950087628  0.5673546907593593
   5908  ZVQLB1RE        Sbend             2960.164   0.344  0.8234727303739305  0.0011476950087628  0.5673546907593593
   5909  LTR048          Drift             2960.257   0.093  0.8234727303739305  0.0011476950087628  0.5673546907593593
   5910  QLB1RE          Quadrupole        2960.827   0.570  0.8234728069588850  0.0011478123878061  0.5673545793645757
   5911  LTR047          Drift             2960.992   0.165  0.8234728069588850  0.0011478123878061  0.5673545793645757
   5912  MQLB1RE         Monitor           2960.992   0.000  0.8234728069588850  0.0011478123878061  0.5673545793645757
   5913  LTR046#1        Drift             2961.107   0.115  0.8234728069588850  0.0011478123878061  0.5673545793645757
   5914  PSLYTRC_INVERSE Marker            2961.107   0.000  0.8234728069588850  0.0011478123878061  0.5673545793645757
   5915  LTR046#2        Drift             2961.222   0.115  0.8234728069588850  0.0011478123878061  0.5673545793645757
   5916  SLYTRE1A        Sad_Mult          2961.822   0.600  0.8234728069587920  0.0011478123879378  0.5673545793647102
   5917  LTR045          Drift             2962.371   0.549  0.8234728069587920  0.0011478123879378  0.5673545793647102
   5918  QLY2RE          Quadrupole        2962.833   0.462  0.8234728050247635  0.0011478072140245  0.5673545821822755
   5919  LTR044          Drift             2963.002   0.169  0.8234728050247635  0.0011478072140245  0.5673545821822755
   5920  MQLY2RE1        Monitor           2963.002   0.000  0.8234728050247635  0.0011478072140245  0.5673545821822755
   5921  LTR043          Drift             2963.085   0.083  0.8234728050247635  0.0011478072140245  0.5673545821822755
   5922  ZVQLY2RE1       Sbend             2963.429   0.344  0.8234728050247635  0.0011478072140245  0.5673545821822755
   5923  LTR042          Drift             2967.830   4.401  0.8234728050247635  0.0011478072140245  0.5673545821822755
   5924  ZVQLY4RE1       Sbend             2968.175   0.344  0.8234728050247635  0.0011478072140245  0.5673545821822755
   5925  LTR041          Drift             2968.258   0.083  0.8234728050247635  0.0011478072140245  0.5673545821822755
   5926  MQLY4RE1        Monitor           2968.258   0.000  0.8234728050247635  0.0011478072140245  0.5673545821822755
   5927  LTR040          Drift             2968.423   0.165  0.8234728050247635  0.0011478072140245  0.5673545821822755
   5928  QLY4RE          Quadrupole        2968.993   0.570  0.8234728655969761  0.0011477907819099  0.5673544942994656
   5929  LTR039          Drift             2969.158   0.165  0.8234728655969761  0.0011477907819099  0.5673544942994656
   5930  LTR038          Drift             2969.907   0.749  0.8234728655969761  0.0011477907819099  0.5673544942994656
   5931  BLY2RE          Sbend             2973.868   3.961  0.5125447410195925  0.0011477915530837  0.8586597527703781
   5932  LTR037          Drift             2974.618   0.749  0.5125447410195925  0.0011477915530837  0.8586597527703781
   5933  LTR036          Drift             2974.783   0.165  0.5125447410195925  0.0011477915530837  0.8586597527703781
   5934  QLY5RE#1        Quadrupole        2975.068   0.285  0.5125446828662840  0.0011477795426724  0.8586597874988670
   5935  PQLY5RC         Marker            2975.068   0.000  0.5125446828662840  0.0011477795426724  0.8586597874988670
   5936  QLY5RE#2        Quadrupole        2975.353   0.285  0.5125446256645350  0.0011477673318653  0.8586598216596206
   5937  LTR035          Drift             2975.518   0.165  0.5125446256645350  0.0011477673318653  0.8586598216596206
   5938  MQLY5RE         Monitor           2975.518   0.000  0.5125446256645350  0.0011477673318653  0.8586598216596206
   5939  LTR034          Drift             2976.267   0.749  0.5125446256645350  0.0011477673318653  0.8586598216596206
   5940  BLY2RE          Sbend             2980.228   3.961  0.1085715239516982  0.0011477673867287  0.9940879774028097
   5941  LTR033          Drift             2980.978   0.749  0.1085715239516982  0.0011477673867287  0.9940879774028097
   5942  LTR032          Drift             2981.143   0.165  0.1085715239516982  0.0011477673867287  0.9940879774028097
   5943  QLY4RE          Quadrupole        2981.713   0.570  0.1085718440814535  0.0011478135280627  0.9940879423858006
   5944  LTR031          Drift             2981.878   0.165  0.1085718440814535  0.0011478135280627  0.9940879423858006
   5945  MQLY4RE2        Monitor           2981.878   0.000  0.1085718440814535  0.0011478135280627  0.9940879423858006
   5946  LTR030          Drift             2981.960   0.083  0.1085718440814535  0.0011478135280627  0.9940879423858006
   5947  ZVQLY4RE2       Sbend             2982.305   0.344  0.1085718440814535  0.0011478135280627  0.9940879423858006
   5948  LTR029          Drift             2986.706   4.401  0.1085718440814535  0.0011478135280627  0.9940879423858006
   5949  ZVQLY2RE2       Sbend             2987.051   0.344  0.1085718440814535  0.0011478135280627  0.9940879423858006
   5950  LTR028          Drift             2987.133   0.083  0.1085718440814535  0.0011478135280627  0.9940879423858006
   5951  MQLY2RE2        Monitor           2987.133   0.000  0.1085718440814535  0.0011478135280627  0.9940879423858006
   5952  LTR027          Drift             2987.302   0.169  0.1085718440814535  0.0011478135280627  0.9940879423858006
   5953  QLY2RE          Quadrupole        2987.764   0.462  0.1085718525330766  0.0011478227863144  0.9940879414520450
   5954  LTR026          Drift             2988.313   0.549  0.1085718525330766  0.0011478227863144  0.9940879414520450
   5955  SLYTRE2A#1      Sad_Mult          2988.613   0.300  0.1085718525330366  0.0011478227863815  0.9940879414520493
   5956  PSLYTRC         Marker            2988.613   0.000  0.1085718525330366  0.0011478227863815  0.9940879414520493
   5957  SLYTRE2A#2      Sad_Mult          2988.913   0.300  0.1085718525329965  0.0011478227864486  0.9940879414520535
   5958  LTR025          Drift             2989.143   0.230  0.1085718525329965  0.0011478227864486  0.9940879414520535
   5959  MQLC7RE         Monitor           2989.143   0.000  0.1085718525329965  0.0011478227864486  0.9940879414520535
   5960  LTR024          Drift             2989.308   0.165  0.1085718525329965  0.0011478227864486  0.9940879414520535
   5961  QLC7RE          Quadrupole        2989.878   0.570  0.1085718137377965  0.0011476602622248  0.9940879458768146
   5962  LTR023          Drift             2990.115   0.237  0.1085718137377965  0.0011476602622248  0.9940879458768146
   5963  BC4RE           Sbend             2990.476   0.361  0.1085718137375768 -0.0087860298953834  0.9940497809166235
   5964  LTR022          Drift             2993.036   2.560  0.1085718137375768 -0.0087860298953834  0.9940497809166235
   5965  BC3RE           Sbend             2993.397   0.361  0.1085718137368203  0.0033653347499629  0.9940829119263118
   5966  LTR021          Drift             2993.569   0.172  0.1085718137368203  0.0033653347499629  0.9940829119263118
   5967  MQLC6RE         Monitor           2993.569   0.000  0.1085718137368203  0.0033653347499629  0.9940829119263118
   5968  LTR020          Drift             2993.734   0.165  0.1085718137368203  0.0033653347499629  0.9940829119263118
   5969  QLC6RE          Quadrupole        2994.304   0.570  0.1085717638776202  0.0033653693780119  0.9940829172546068
   5970  LTR019          Drift             2994.396   0.093  0.1085717638776202  0.0033653693780119  0.9940829172546068
   5971  ZHQLC6RE        Sbend             2994.741   0.344  0.1085717638776202  0.0033653693780119  0.9940829172546068
   5972  LTR018          Drift             2995.539   0.799  0.1085717638776202  0.0033653693780119  0.9940829172546068
   5973  ZHF2RE          Sbend             2995.789   0.250  0.1085717638776202  0.0033653693780119  0.9940829172546068
   5974  LTR017          Drift             2996.039   0.250  0.1085717638776202  0.0033653693780119  0.9940829172546068
   5975  ZVF2RE          Sbend             2996.289   0.250  0.1085717638776202  0.0033653693780119  0.9940829172546068
   5976  LTR016          Drift             2997.289   1.000  0.1085717638776202  0.0033653693780119  0.9940829172546068
   5977  MQLC5RE         Monitor           2997.289   0.000  0.1085717638776202  0.0033653693780119  0.9940829172546068
   5978  LTR015          Drift             2997.454   0.165  0.1085717638776202  0.0033653693780119  0.9940829172546068
   5979  QLC5RE          Quadrupole        2998.024   0.570  0.1085718220816986  0.0033653630920498  0.9940829109189516
   5980  LTR014          Drift             2998.261   0.237  0.1085718220816986  0.0033653630920498  0.9940829109189516
   5981  BC2RE           Sbend             2998.622   0.361  0.1085718220814366  0.0060574724636755  0.9940701516881221
   5982  LTR013          Drift             3000.739   2.117  0.1085718220814366  0.0060574724636755  0.9940701516881221
   5983  ZHF1RE          Sbend             3000.989   0.250  0.1085718220814366  0.0060574724636755  0.9940701516881221
   5984  LTR012          Drift             3001.239   0.250  0.1085718220814366  0.0060574724636755  0.9940701516881221
   5985  ZVF1RE          Sbend             3001.489   0.250  0.1085718220814366  0.0060574724636755  0.9940701516881221
   5986  LTR011          Drift             3001.810   0.322  0.1085718220814366  0.0060574724636755  0.9940701516881221
   5987  BC1RE           Sbend             3002.172   0.361  0.1085718220808797  0.0011476886063629  0.9940879449328806
   5988  LTR010          Drift             3003.380   1.208  0.1085718220808797  0.0011476886063629  0.9940879449328806
   5989  MQLC3RE         Monitor           3003.380   0.000  0.1085718220808797  0.0011476886063629  0.9940879449328806
   5990  LTR009          Drift             3003.545   0.165  0.1085718220808797  0.0011476886063629  0.9940879449328806
   5991  QLC3RE          Quadrupole        3004.115   0.570  0.1085720791856425  0.0011477352416478  0.9940879167986595
   5992  LTR008          Drift             3004.360   0.245  0.1085720791856425  0.0011477352416478  0.9940879167986595
   5993  QKCRE           Quadrupole        3004.704   0.344  0.1085720791856425  0.0011477352416478  0.9940879167986595
   5994  LTR007          Drift             3005.892   1.188  0.1085720791856425  0.0011477352416478  0.9940879167986595
   5995  BLC2RE          Sbend             3008.128   2.236  0.0146472162739124  0.0011477352461352  0.9998920650546272
   5996  LTR006          Drift             3009.316   1.188  0.0146472162739124  0.0011477352461352  0.9998920650546272
   5997  QKBRE           Quadrupole        3009.660   0.344  0.0146472161758522  0.0011477361725420  0.9998920650550002
   5998  LTR005          Drift             3009.921   0.261  0.0146472161758522  0.0011477361725420  0.9998920650550002
   5999  QLC2RE          Quadrupole        3010.459   0.538  0.0146470473955703  0.0011477188769486  0.9998920675472669
   6000  LTR004          Drift             3010.640   0.181  0.0146470473955703  0.0011477188769486  0.9998920675472669
   6001  MQLC2RE         Monitor           3010.640   0.000  0.0146470473955703  0.0011477188769486  0.9998920675472669
   6002  LTR003          Drift             3010.723   0.083  0.0146470473955703  0.0011477188769486  0.9998920675472669
   6003  ZHQLC2RE        Sbend             3011.067   0.344  0.0146470473955703  0.0011477188769486  0.9998920675472669
   6004  LTR002          Drift             3011.870   0.803  0.0146470473955703  0.0011477188769486  0.9998920675472669
   6005  QKARE           Quadrupole        3012.215   0.344  0.0146470479697662  0.0011477134680735  0.9998920675450642
   6006  LTR001          Drift             3012.315   0.100  0.0146470479697662  0.0011477134680735  0.9998920675450642
   6007  PIRR            Marker            3012.315   0.000  0.0146470479697662  0.0011477134680735  0.9998920675450642
   7413  IP              Marker            3016.315   0.000 -0.0000044677361837  0.0000026796195634  0.9999999999864169
