  Index  name            key                      s       l              spin.x              spin.y              spin.z
      2  IP              Marker              0.000   0.000  0.0000050919455498  0.0000969764365270  0.9999999952848215
   1408  PIRR            Marker              4.000   0.000  0.0146566884952383  0.0012416500740588  0.9998918140416231
   1409  LTR001          Drift               4.100   0.100  0.0146566884952383  0.0012416500740588  0.9998918140416231
   1410  QKARE           Quadrupole          4.444   0.344  0.0146566879392282  0.0012416553721191  0.9998918140431942
   1411  LTR002          Drift               5.248   0.803  0.0146566879392282  0.0012416553721191  0.9998918140431942
   1412  ZHQLC2RE        Sbend               5.592   0.344  0.0146566879392282  0.0012416553721191  0.9998918140431942
   1413  LTR003          Drift               5.675   0.083  0.0146566879392282  0.0012416553721191  0.9998918140431942
   1414  MQLC2RE         Monitor             5.675   0.000  0.0146566879392282  0.0012416553721191  0.9998918140431942
   1415  LTR004          Drift               5.856   0.181  0.0146566879392282  0.0012416553721191  0.9998918140431942
   1416  QLC2RE          Quadrupole          6.394   0.538  0.0146568522503532  0.0012416712874613  0.9998918116148995
   1417  LTR005          Drift               6.655   0.261  0.0146568522503532  0.0012416712874613  0.9998918116148995
   1418  QKBRE           Quadrupole          6.999   0.344  0.0146568523384683  0.0012416703880732  0.9998918116147246
   1419  LTR006          Drift               8.187   1.188  0.0146568523384683  0.0012416703880732  0.9998918116147246
   1420  BLC2RE          Sbend               10.423   2.236  0.1085816099013705  0.0012416703899631  0.9940867629366510
   1421  LTR007          Drift               11.610   1.188  0.1085816099013705  0.0012416703899631  0.9940867629366510
   1422  QKCRE           Quadrupole          11.955   0.344  0.1085816099013705  0.0012416703899631  0.9940867629366510
   1423  LTR008          Drift               12.200   0.245  0.1085816099013705  0.0012416703899631  0.9940867629366510
   1424  QLC3RE          Quadrupole          12.770   0.570  0.1085810543684750  0.0012416397528562  0.9940868236542290
   1425  LTR009          Drift               12.935   0.165  0.1085810543684750  0.0012416397528562  0.9940868236542290
   1426  MQLC3RE         Monitor             12.935   0.000  0.1085810543684750  0.0012416397528562  0.9940868236542290
   1427  LTR010          Drift               14.143   1.208  0.1085810543684750  0.0012416397528562  0.9940868236542290
   1428  BC1RE           Sbend               14.504   0.361  0.1085810543720869  0.0061514148553975  0.9940685664111515
   1429  LTR011          Drift               14.826   0.322  0.1085810543720869  0.0061514148553975  0.9940685664111515
   1430  ZVF1RE          Sbend               15.076   0.250  0.1085810543720869  0.0061514148553975  0.9940685664111515
   1431  LTR012          Drift               15.326   0.250  0.1085810543720869  0.0061514148553975  0.9940685664111515
   1432  ZHF1RE          Sbend               15.576   0.250  0.1085810543720869  0.0061514148553975  0.9940685664111515
   1433  LTR013          Drift               17.693   2.117  0.1085810543720869  0.0061514148553975  0.9940685664111515
   1434  BC2RE           Sbend               18.054   0.361  0.1085810543726346  0.0034593105679496  0.9940815800535291
   1435  LTR014          Drift               18.290   0.237  0.1085810543726346  0.0034593105679496  0.9940815800535291
   1436  QLC5RE          Quadrupole          18.860   0.570  0.1085804196136303  0.0034593325118270  0.9940816493101058
   1437  LTR015          Drift               19.025   0.165  0.1085804196136303  0.0034593325118270  0.9940816493101058
   1438  MQLC5RE         Monitor             19.025   0.000  0.1085804196136303  0.0034593325118270  0.9940816493101058
   1439  LTR016          Drift               20.025   1.000  0.1085804196136303  0.0034593325118270  0.9940816493101058
   1440  ZVF2RE          Sbend               20.275   0.250  0.1085804196136303  0.0034593325118270  0.9940816493101058
   1441  LTR017          Drift               20.525   0.250  0.1085804196136303  0.0034593325118270  0.9940816493101058
   1442  ZHF2RE          Sbend               20.775   0.250  0.1085804196136303  0.0034593325118270  0.9940816493101058
   1443  LTR018          Drift               21.574   0.799  0.1085804196136303  0.0034593325118270  0.9940816493101058
   1444  ZHQLC6RE        Sbend               21.918   0.344  0.1085804196136303  0.0034593325118270  0.9940816493101058
   1445  LTR019          Drift               22.011   0.093  0.1085804196136303  0.0034593325118270  0.9940816493101058
   1446  QLC6RE          Quadrupole          22.581   0.570  0.1085819574252677  0.0034592756864657  0.9940814815363085
   1447  LTR020          Drift               22.746   0.165  0.1085819574252677  0.0034592756864657  0.9940814815363085
   1448  MQLC6RE         Monitor             22.746   0.000  0.1085819574252677  0.0034592756864657  0.9940814815363085
   1449  LTR021          Drift               22.918   0.172  0.1085819574252677  0.0034592756864657  0.9940814815363085
   1450  BC3RE           Sbend               23.279   0.361  0.1085819574688520 -0.0086920734441410  0.9940494989543900
   1451  LTR022          Drift               25.839   2.560  0.1085819574688520 -0.0086920734441410  0.9940494989543900
   1452  BC4RE           Sbend               26.200   0.361  0.1085819574977642  0.0012416050773561  0.9940867250510820
   1453  LTR023          Drift               26.436   0.237  0.1085819574977642  0.0012416050773561  0.9940867250510820
   1454  QLC7RE          Quadrupole          27.006   0.570  0.1085787908770635  0.0012417706758877  0.9940870707223102
   1455  LTR024          Drift               27.171   0.165  0.1085787908770635  0.0012417706758877  0.9940870707223102
   1456  MQLC7RE         Monitor             27.171   0.000  0.1085787908770635  0.0012417706758877  0.9940870707223102
   1457  LTR025          Drift               27.401   0.230  0.1085787908770635  0.0012417706758877  0.9940870707223102
   1458  SLYTRE2A#2      Sad_Mult            27.701   0.300  0.1085787908447027  0.0012417706788917  0.9940870707258409
   1459  PSLYTRC         Marker              27.701   0.000  0.1085787908447027  0.0012417706788917  0.9940870707258409
   1460  SLYTRE2A#1      Sad_Mult            28.001   0.300  0.1085787908039135  0.0012417706820609  0.9940870707302922
   1461  LTR026          Drift               28.550   0.549  0.1085787908039135  0.0012417706820609  0.9940870707302922
   1462  QLY2RE          Quadrupole          29.012   0.462  0.1085791056595921  0.0012417612408077  0.9940870363520410
   1463  LTR027          Drift               29.181   0.169  0.1085791056595921  0.0012417612408077  0.9940870363520410
   1464  MQLY2RE2        Monitor             29.181   0.000  0.1085791056595921  0.0012417612408077  0.9940870363520410
   1465  LTR028          Drift               29.264   0.083  0.1085791056595921  0.0012417612408077  0.9940870363520410
   1466  ZVQLY2RE2       Sbend               29.609   0.344  0.1085791056595921  0.0012417612408077  0.9940870363520410
   1467  LTR029          Drift               34.010   4.401  0.1085791056595921  0.0012417612408077  0.9940870363520410
   1468  ZVQLY4RE2       Sbend               34.354   0.344  0.1085791056595921  0.0012417612408077  0.9940870363520410
   1469  LTR030          Drift               34.437   0.083  0.1085791056595921  0.0012417612408077  0.9940870363520410
   1470  MQLY4RE2        Monitor             34.437   0.000  0.1085791056595921  0.0012417612408077  0.9940870363520410
   1471  LTR031          Drift               34.602   0.165  0.1085791056595921  0.0012417612408077  0.9940870363520410
   1472  QLY4RE          Quadrupole          35.172   0.570  0.1085865924263973  0.0012417138050822  0.9940862186410442
   1473  LTR032          Drift               35.337   0.165  0.1085865924263973  0.0012417138050822  0.9940862186410442
   1474  LTR033          Drift               36.086   0.749  0.1085865924263973  0.0012417138050822  0.9940862186410442
   1475  BLY2RE          Sbend               40.048   3.961  0.5125574410201619  0.0012417137562187  0.8586520411679059
   1476  LTR034          Drift               40.797   0.749  0.5125574410201619  0.0012417137562187  0.8586520411679059
   1477  MQLY5RE         Monitor             40.797   0.000  0.5125574410201619  0.0012417137562187  0.8586520411679059
   1478  LTR035          Drift               40.962   0.165  0.5125574410201619  0.0012417137562187  0.8586520411679059
   1479  QLY5RE#2        Quadrupole          41.247   0.285  0.5125558518893668  0.0012417279355813  0.8586529897494678
   1480  PQLY5RC         Marker              41.247   0.000  0.5125558518893668  0.0012417279355813  0.8586529897494678
   1481  QLY5RE#1        Quadrupole          41.532   0.285  0.5125542831863428  0.0012417407663113  0.8586539261350895
   1482  LTR036          Drift               41.697   0.165  0.5125542831863428  0.0012417407663113  0.8586539261350895
   1483  LTR037          Drift               42.446   0.749  0.5125542831863428  0.0012417407663113  0.8586539261350895
   1484  BLY2RE          Sbend               46.408   3.961  0.8234790148306821  0.0012417399685393  0.5673453711940726
   1485  LTR038          Drift               47.157   0.749  0.8234790148306821  0.0012417399685393  0.5673453711940726
   1486  LTR039          Drift               47.322   0.165  0.8234790148306821  0.0012417399685393  0.5673453711940726
   1487  QLY4RE          Quadrupole          47.892   0.570  0.8234834084071383  0.0012417565035959  0.5673389940053021
   1488  LTR040          Drift               48.057   0.165  0.8234834084071383  0.0012417565035959  0.5673389940053021
   1489  MQLY4RE1        Monitor             48.057   0.000  0.8234834084071383  0.0012417565035959  0.5673389940053021
   1490  LTR041          Drift               48.140   0.083  0.8234834084071383  0.0012417565035959  0.5673389940053021
   1491  ZVQLY4RE1       Sbend               48.484   0.344  0.8234834084071383  0.0012417565035959  0.5673389940053021
   1492  LTR042          Drift               52.886   4.401  0.8234834084071383  0.0012417565035959  0.5673389940053021
   1493  ZVQLY2RE1       Sbend               53.230   0.344  0.8234834084071383  0.0012417565035959  0.5673389940053021
   1494  LTR043          Drift               53.313   0.083  0.8234834084071383  0.0012417565035959  0.5673389940053021
   1495  MQLY2RE1        Monitor             53.313   0.000  0.8234834084071383  0.0012417565035959  0.5673389940053021
   1496  LTR044          Drift               53.482   0.169  0.8234834084071383  0.0012417565035959  0.5673389940053021
   1497  QLY2RE          Quadrupole          53.944   0.462  0.8234835947802694  0.0012417617789242  0.5673387234760637
   1498  LTR045          Drift               54.493   0.549  0.8234835947802694  0.0012417617789242  0.5673387234760637
   1499  SLYTRE1A        Sad_Mult            55.093   0.600  0.8234835946933572  0.0012417617721495  0.5673387236022304
   1500  LTR046#2        Drift               55.208   0.115  0.8234835946933572  0.0012417617721495  0.5673387236022304
   1501  PSLYTRC_INVERSE Marker              55.208   0.000  0.8234835946933572  0.0012417617721495  0.5673387236022304
   1502  LTR046#1        Drift               55.323   0.115  0.8234835946933572  0.0012417617721495  0.5673387236022304
   1503  MQLB1RE         Monitor             55.323   0.000  0.8234835946933572  0.0012417617721495  0.5673387236022304
   1504  LTR047          Drift               55.488   0.165  0.8234835946933572  0.0012417617721495  0.5673387236022304
   1505  QLB1RE          Quadrupole          56.058   0.570  0.8234812128804346  0.0012416419951755  0.5673421810143543
   1506  LTR048          Drift               56.151   0.093  0.8234812128804346  0.0012416419951755  0.5673421810143543
   1507  ZVQLB1RE        Sbend               56.495   0.344  0.8234812128804346  0.0012416419951755  0.5673421810143543
   1508  LTR049          Drift               58.453   1.958  0.8234812128804346  0.0012416419951755  0.5673421810143543
   1509  MQLB4RE         Monitor             58.453   0.000  0.8234812128804346  0.0012416419951755  0.5673421810143543
   1510  LTR050          Drift               58.618   0.165  0.8234812128804346  0.0012416419951755  0.5673421810143543
   1511  QLB4RE          Quadrupole          59.188   0.570  0.8234836608928972  0.0012416933454789  0.5673386276643498
   1512  LTR051          Drift               59.333   0.145  0.8234836608928972  0.0012416933454789  0.5673386276643498
   1513  ZHQLB4RE        Sbend               59.678   0.344  0.8234836608928972  0.0012416933454789  0.5673386276643498
   1514  LTR052          Drift               62.727   3.049  0.8234836608928972  0.0012416933454789  0.5673386276643498
   1515  BLB2RE          Sbend               66.688   3.961  0.9736538385798341  0.0012416941465494  0.2280277632535143
   1516  LTR053          Drift               67.496   0.808  0.9736538385798341  0.0012416941465494  0.2280277632535143
   1517  ZVQLB7RE        Sbend               67.841   0.344  0.9736538385798341  0.0012416941465494  0.2280277632535143
   1518  LTR054          Drift               67.924   0.083  0.9736538385798341  0.0012416941465494  0.2280277632535143
   1519  MQLB7RE         Monitor             67.924   0.000  0.9736538385798341  0.0012416941465494  0.2280277632535143
   1520  LTR055          Drift               68.092   0.168  0.9736538385798341  0.0012416941465494  0.2280277632535143
   1521  QLB7RE          Quadrupole          69.215   1.123  0.9736544574322573  0.0012416974042708  0.2280251207868395
   1522  LTR126          Drift               69.724   0.508  0.9736544574322573  0.0012416974042708  0.2280251207868395
   1523  ZVF3RE          Sbend               69.974   0.250  0.9736544574322573  0.0012416974042708  0.2280251207868395
   1524  LTR056          Drift               72.329   2.356  0.9736544574322573  0.0012416974042708  0.2280251207868395
   1525  ZHQLB8RE        Sbend               72.674   0.344  0.9736544574322573  0.0012416974042708  0.2280251207868395
   1526  LTR057          Drift               72.767   0.093  0.9736544574322573  0.0012416974042708  0.2280251207868395
   1527  QLB8RE          Quadrupole          73.337   0.570  0.9736538957478351  0.0012416933060999  0.2280275191567834
   1528  LTR058          Drift               73.502   0.165  0.9736538957478351  0.0012416933060999  0.2280275191567834
   1529  MQLB8RE         Monitor             73.502   0.000  0.9736538957478351  0.0012416933060999  0.2280275191567834
   1530  LTR059          Drift               73.682   0.180  0.9736538957478351  0.0012416933060999  0.2280275191567834
   1531  SLXTREA#2       Sad_Mult            73.932   0.250  0.9736538957446561  0.0012416933060488  0.2280275191703572
   1532  PSLXTRC         Marker              73.932   0.000  0.9736538957446561  0.0012416933060488  0.2280275191703572
   1533  SLXTREA#1       Sad_Mult            74.182   0.250  0.9736538957413268  0.0012416933059892  0.2280275191845732
   1534  LTR060          Drift               75.127   0.945  0.9736538957413268  0.0012416933059892  0.2280275191845732
   1535  QLX2RE          Quadrupole          75.697   0.570  0.9736527753590105  0.0012416802361509  0.2280323031192876
   1536  LTR061          Drift               75.862   0.165  0.9736527753590105  0.0012416802361509  0.2280323031192876
   1537  MQLX2RE2        Monitor             75.862   0.000  0.9736527753590105  0.0012416802361509  0.2280323031192876
   1538  LTR062          Drift               75.944   0.083  0.9736527753590105  0.0012416802361509  0.2280323031192876
   1539  ZHQLX2RE2       Sbend               76.289   0.344  0.9736527753590105  0.0012416802361509  0.2280323031192876
   1540  LTR063          Drift               77.582   1.293  0.9736527753590105  0.0012416802361509  0.2280323031192876
   1541  ZVQLX3RE2       Sbend               77.926   0.344  0.9736527753590105  0.0012416802361509  0.2280323031192876
   1542  LTR064          Drift               78.009   0.083  0.9736527753590105  0.0012416802361509  0.2280323031192876
   1543  MQLX3RE2        Monitor             78.009   0.000  0.9736527753590105  0.0012416802361509  0.2280323031192876
   1544  LTR065          Drift               78.174   0.165  0.9736527753590105  0.0012416802361509  0.2280323031192876
   1545  QLX3RE          Quadrupole          78.744   0.570  0.9736534367040746  0.0012417188466174  0.2280294790781437
   1546  LTR066          Drift               78.909   0.165  0.9736534367040746  0.0012417188466174  0.2280294790781437
   1547  LTR067          Drift               79.458   0.549  0.9736534367040746  0.0012417188466174  0.2280294790781437
   1548  BLX1RE          Sbend               83.420   3.961  0.8349542230022555  0.0012417202910114  0.5503180022690675
   1549  LTR068          Drift               83.969   0.549  0.8349542230022555  0.0012417202910114  0.5503180022690675
   1550  MQLX4RE         Monitor             83.969   0.000  0.8349542230022555  0.0012417202910114  0.5503180022690675
   1551  LTR069          Drift               84.134   0.165  0.8349542230022555  0.0012417202910114  0.5503180022690675
   1552  QLX4RE#2        Quadrupole          84.419   0.285  0.8349535851497656  0.0012417098129265  0.5503189700549058
   1553  PQLX4RC         Marker              84.419   0.000  0.8349535851497656  0.0012417098129265  0.5503189700549058
   1554  QLX4RE#1        Quadrupole          84.704   0.285  0.8349529279796973  0.0012417016874224  0.5503199671418878
   1555  LTR070          Drift               84.869   0.165  0.8349529279796973  0.0012417016874224  0.5503199671418878
   1556  LTR071          Drift               85.418   0.549  0.8349529279796973  0.0012417016874224  0.5503199671418878
   1557  BLX1RE          Sbend               89.380   3.961  0.5934639432821361  0.0012417023013611  0.8048596189394840
   1558  LTR072          Drift               89.929   0.549  0.5934639432821361  0.0012417023013611  0.8048596189394840
   1559  LTR073          Drift               90.094   0.165  0.5934639432821361  0.0012417023013611  0.8048596189394840
   1560  QLX3RE          Quadrupole          90.664   0.570  0.5934668342918136  0.0012416739684331  0.8048574872866675
   1561  LTR074          Drift               90.829   0.165  0.5934668342918136  0.0012416739684331  0.8048574872866675
   1562  MQLX3RE1        Monitor             90.829   0.000  0.5934668342918136  0.0012416739684331  0.8048574872866675
   1563  LTR075          Drift               90.912   0.083  0.5934668342918136  0.0012416739684331  0.8048574872866675
   1564  ZVQLX3RE1       Sbend               91.256   0.344  0.5934668342918136  0.0012416739684331  0.8048574872866675
   1565  LTR076          Drift               92.549   1.293  0.5934668342918136  0.0012416739684331  0.8048574872866675
   1566  ZHQLX2RE1       Sbend               92.894   0.344  0.5934668342918136  0.0012416739684331  0.8048574872866675
   1567  LTR077          Drift               92.977   0.083  0.5934668342918136  0.0012416739684331  0.8048574872866675
   1568  MQLX2RE1        Monitor             92.977   0.000  0.5934668342918136  0.0012416739684331  0.8048574872866675
   1569  LTR078          Drift               93.142   0.165  0.5934668342918136  0.0012416739684331  0.8048574872866675
   1570  QLX2RE          Quadrupole          93.712   0.570  0.5934618911041154  0.0012416980446727  0.8048611321172692
   1571  LTR079          Drift               94.657   0.945  0.5934618911041154  0.0012416980446727  0.8048611321172692
   1572  SLXTREA         Sad_Mult            95.157   0.500  0.5934618910312142  0.0012416980456872  0.8048611321710213
   1573  LTR080#2        Drift               95.247   0.090  0.5934618910312142  0.0012416980456872  0.8048611321710213
   1574  PSLXTRC_INVERSE Marker              95.247   0.000  0.5934618910312142  0.0012416980456872  0.8048611321710213
   1575  LTR080#1        Drift               95.337   0.090  0.5934618910312142  0.0012416980456872  0.8048611321710213
   1576  MQLA2RE         Monitor             95.337   0.000  0.5934618910312142  0.0012416980456872  0.8048611321710213
   1577  LTR081          Drift               95.502   0.165  0.5934618910312142  0.0012416980456872  0.8048611321710213
   1578  QLA2RE          Quadrupole          96.072   0.570  0.5934609166346576  0.0012417063986504  0.8048618506255414
   1579  LTR082          Drift               96.164   0.093  0.5934609166346576  0.0012417063986504  0.8048618506255414
   1580  ZHQLA2RE        Sbend               96.509   0.344  0.5934609166346576  0.0012417063986504  0.8048618506255414
   1581  LTR083          Drift               99.061   2.552  0.5934609166346576  0.0012417063986504  0.8048618506255414
   1582  BLA2RE          Sbend               103.022   3.961  0.9280690389873125  0.0012417050719539  0.3724061184267524
   1583  LTR084          Drift               104.173   1.151  0.9280690389873125  0.0012417050719539  0.3724061184267524
   1584  ZVQLA3RE        Sbend               104.518   0.344  0.9280690389873125  0.0012417050719539  0.3724061184267524
   1585  LTR085          Drift               104.601   0.083  0.9280690389873125  0.0012417050719539  0.3724061184267524
   1586  MQLA3RE         Monitor             104.601   0.000  0.9280690389873125  0.0012417050719539  0.3724061184267524
   1587  LTR086          Drift               104.766   0.165  0.9280690389873125  0.0012417050719539  0.3724061184267524
   1588  QLA3RE          Quadrupole          105.336   0.570  0.9280679868637458  0.0012416596358214  0.3724087405526663
   1589  LTR125          Drift               105.959   0.623  0.9280679868637458  0.0012416596358214  0.3724087405526663
   1590  ZVF4RE          Sbend               106.209   0.250  0.9280679868637458  0.0012416596358214  0.3724087405526663
   1591  LTR087          Drift               110.554   4.345  0.9280679868637458  0.0012416596358214  0.3724087405526663
   1592  MQLA4RE         Monitor             110.554   0.000  0.9280679868637458  0.0012416596358214  0.3724087405526663
   1593  LTR088          Drift               110.725   0.172  0.9280679868637458  0.0012416596358214  0.3724087405526663
   1594  QLA4RE          Quadrupole          111.282   0.557  0.9280728778145432  0.0012416698209393  0.3723965517040779
   1595  LTR089          Drift               112.266   0.984  0.9280728778145432  0.0012416698209393  0.3723965517040779
   1596  BLA4RE          Sbend               118.168   5.902  0.9276183995558396  0.0012416721938530 -0.3735271918557288
   1597  LTR090          Drift               121.298   3.131  0.9276183995558396  0.0012416721938530 -0.3735271918557288
   1598  ZVQLA5RE        Sbend               121.643   0.344  0.9276183995558396  0.0012416721938530 -0.3735271918557288
   1599  LTR091          Drift               121.726   0.083  0.9276183995558396  0.0012416721938530 -0.3735271918557288
   1600  MQLA5RE         Monitor             121.726   0.000  0.9276183995558396  0.0012416721938530 -0.3735271918557288
   1601  LTR092          Drift               121.913   0.187  0.9276183995558396  0.0012416721938530 -0.3735271918557288
   1602  QLA5RE          Quadrupole          122.739   0.826  0.9276219125822259  0.0012416466255777 -0.3735184675634544
   1603  LTR093          Drift               125.459   2.720  0.9276219125822259  0.0012416466255777 -0.3735184675634544
   1604  ZHQLA6RE        Sbend               125.803   0.344  0.9276219125822259  0.0012416466255777 -0.3735184675634544
   1605  LTR094          Drift               125.886   0.083  0.9276219125822259  0.0012416466255777 -0.3735184675634544
   1606  MQLA6RE         Monitor             125.886   0.000  0.9276219125822259  0.0012416466255777 -0.3735184675634544
   1607  LTR095          Drift               126.073   0.187  0.9276219125822259  0.0012416466255777 -0.3735184675634544
   1608  QLA6REA         Quadrupole          126.899   0.826  0.9276142440496161  0.0012416760819492 -0.3735375114720976
   1609  LTR096          Drift               134.004   7.105  0.9276142440496161  0.0012416760819492 -0.3735375114720976
   1610  ZVQLA7RE        Sbend               134.349   0.344  0.9276142440496161  0.0012416760819492 -0.3735375114720976
   1611  LTR097          Drift               134.432   0.083  0.9276142440496161  0.0012416760819492 -0.3735375114720976
   1612  MQLA7RE         Monitor             134.432   0.000  0.9276142440496161  0.0012416760819492 -0.3735375114720976
   1613  LTR098          Drift               134.618   0.187  0.9276142440496161  0.0012416760819492 -0.3735375114720976
   1614  QLA7REA         Quadrupole          135.445   0.826  0.9276156348632054  0.0012416122402011 -0.3735340578265625
   1615  LTR099          Drift               135.632   0.187  0.9276156348632054  0.0012416122402011 -0.3735340578265625
   1616  LTR100          Drift               136.318   0.687  0.9276156348632054  0.0012416122402011 -0.3735340578265625
   1617  BLA6RE          Sbend               142.221   5.902  0.3806402853986783  0.0012416082568557 -0.9247223537584400
   1618  LTR101          Drift               142.943   0.723  0.3806402853986783  0.0012416082568557 -0.9247223537584400
   1619  MQLA8RE         Monitor             142.943   0.000  0.3806402853986783  0.0012416082568557 -0.9247223537584400
   1620  LTR102          Drift               143.115   0.172  0.3806402853986783  0.0012416082568557 -0.9247223537584400
   1621  QLA8REA         Quadrupole          143.672   0.557  0.3806417782750425  0.0012416058072226 -0.9247217392527514
   1622  LTR103          Drift               144.566   0.894  0.3806417782750425  0.0012416058072226 -0.9247217392527514
   1623  BLA6RE          Sbend               150.468   5.902 -0.3958564382207727  0.0012416062257235 -0.9183115695302683
   1624  LTR104          Drift               151.155   0.687 -0.3958564382207727  0.0012416062257235 -0.9183115695302683
   1625  LTR105          Drift               151.342   0.187 -0.3958564382207727  0.0012416062257235 -0.9183115695302683
   1626  QLA9REA         Quadrupole          152.168   0.826 -0.3958515411726696  0.0012417975627707 -0.9183136802258999
   1627  LTR106          Drift               152.355   0.187 -0.3958515411726696  0.0012417975627707 -0.9183136802258999
   1628  MQLA9RE         Monitor             152.355   0.000 -0.3958515411726696  0.0012417975627707 -0.9183136802258999
   1629  LTR107          Drift               152.438   0.083 -0.3958515411726696  0.0012417975627707 -0.9183136802258999
   1630  ZVQLA9RE        Sbend               152.782   0.344 -0.3958515411726696  0.0012417975627707 -0.9183136802258999
   1631  LTR108          Drift               156.183   3.401 -0.3958515411726696  0.0012417975627707 -0.9183136802258999
   1632  ZHQLA10RE       Sbend               156.527   0.344 -0.3958515411726696  0.0012417975627707 -0.9183136802258999
   1633  LTR109          Drift               156.610   0.083 -0.3958515411726696  0.0012417975627707 -0.9183136802258999
   1634  MQLA10RE        Monitor             156.610   0.000 -0.3958515411726696  0.0012417975627707 -0.9183136802258999
   1635  LTR110          Drift               156.797   0.187 -0.3958515411726696  0.0012417975627707 -0.9183136802258999
   1636  QLA10REA        Quadrupole          157.623   0.826 -0.3958661677583973  0.0012417231745643 -0.9183073752006130
   1637  LTR111          Drift               161.231   3.607 -0.3958661677583973  0.0012417231745643 -0.9183073752006130
   1638  MQF4E40         Monitor             161.231   0.000 -0.3958661677583973  0.0012417231745643 -0.9183073752006130
   1639  LTR112          Drift               161.423   0.192 -0.3958661677583973  0.0012417231745643 -0.9183073752006130
   1640  PTSURM          Marker              161.423   0.000 -0.3958661677583973  0.0012417231745643 -0.9183073752006130
   1641  QF4ERA          Quadrupole          162.438   1.015 -0.3958704010272538  0.0012417011854977 -0.9183055503309825
   1642  LTR113          Drift               162.559   0.120 -0.3958704010272538  0.0012417011854977 -0.9183055503309825
   1643  ZHQF4E40        Sbend               162.903   0.344 -0.3958704010272538  0.0012417011854977 -0.9183055503309825
   1644  LTR114          Drift               164.070   1.167 -0.3958704010272538  0.0012417011854977 -0.9183055503309825
   1645  LZVF            Drift               164.320   0.250 -0.3958704010272538  0.0012417011854977 -0.9183055503309825
   1646  LTR115          Drift               164.570   0.250 -0.3958704010272538  0.0012417011854977 -0.9183055503309825
   1647  ZVQD3E40        Sbend               164.915   0.344 -0.3958704010272538  0.0012417011854977 -0.9183055503309825
   1648  LTR116          Drift               165.029   0.115 -0.3958704010272538  0.0012417011854977 -0.9183055503309825
   1649  QD3ERA          Quadrupole          165.856   0.826 -0.3958609113396148  0.0012417865862456 -0.9183096410467687
   1650  LTR117          Drift               166.042   0.187 -0.3958609113396148  0.0012417865862456 -0.9183096410467687
   1651  MQD3E40         Monitor             166.042   0.000 -0.3958609113396148  0.0012417865862456 -0.9183096410467687
   1652  LTR118          Drift               166.236   0.194 -0.3958609113396148  0.0012417865862456 -0.9183096410467687
   1653  SD3TREA         Sad_Mult            167.266   1.030 -0.3958609113396148  0.0012417865862456 -0.9183096410467687
   1654  LTR119          Drift               169.182   1.916 -0.3958609113396148  0.0012417865862456 -0.9183096410467687