  Index  name     key                      s       l              spin.x              spin.y              spin.z   
   5358  B2EARSQ1 Sol_Quad          2823.694   0.061 -0.0095052036112375  0.9999548230079418 -0.0000552037815770
   5359  B2EARP1  Patch             2823.694   0.000 -0.0095052340631195  0.9999548230079418 -0.0000496845438303
   5360  B2EARSQ1 Sol_Quad          2823.756   0.061 -0.0190054079391663  0.9998193623387891 -0.0001927732234175
   5361  B2EARP1  Patch             2823.756   0.000 -0.0190055166696707  0.9998193623387891 -0.0001817376368897
   5362  B2EARSQ1 Sol_Quad          2823.817   0.061 -0.0285022213172406  0.9995936417450599 -0.0004180464378479
   5363  B2EARP1  Patch             2823.817   0.000 -0.0285024592524295  0.9995936417450599 -0.0004014964567203
   5364  B2EARSQ1 Sol_Quad          2823.879   0.061 -0.0379939765822180  0.9992777008447266 -0.0007309842261012
   5365  B2EARP1  Patch             2823.879   0.000 -0.0379943946256736  0.9992777008447266 -0.0007089227726059
   5366  B2EARSQ1 Sol_Quad          2823.940   0.061 -0.0474790074558387  0.9988715950943312 -0.0011315320173076
   5367  B2EARP1  Patch             2823.940   0.000 -0.0474796564797375  0.9988715950943312 -0.0011039629812158
   5368  B2EARSQ1 Sol_Quad          2824.002   0.061 -0.0569556488367791  0.9983753957790723 -0.0016196198793098
   5369  B2EARP1  Patch             2824.002   0.000 -0.0569565796729719  0.9983753957790723 -0.0015865481172512
   5370  B2EARSQ1 Sol_Quad          2824.063   0.061 -0.0664222370923893  0.9977891900001176 -0.0021951625321589
   5371  B2EARP1  Patch             2824.063   0.000 -0.0664235005234893  0.9977891900001176 -0.0021565938667713
   5372  B2EARSQ1 Sol_Quad          2824.125   0.061 -0.0758771103501652  0.9971130806591445 -0.0028580593642651
   5373  B2EARP1  Patch             2824.125   0.000 -0.0758787571006451  0.9971130806591445 -0.0028140005831755
   5374  B2EARSQ1 Sol_Quad          2824.186   0.061 -0.0853186087888977  0.9963471864401080 -0.0036081944512199
   5375  B2EARP1  Patch             2824.186   0.000 -0.0853206895161983  0.9963471864401080 -0.0035586533058554
   5376  B2EARSQ1 Sol_Quad          2824.248   0.061 -0.0947450749294572  0.9954916417882370 -0.0044454365772703
   5377  B2EARP1  Patch             2824.248   0.000 -0.0947476402151079  0.9954916417882370 -0.0043904217815008
   5378  B2EARSQ1 Sol_Quad          2824.309   0.061 -0.1041548539251580  0.9945465968862607 -0.0053696392594583
   5379  B2EARP1  Patch             2824.309   0.000 -0.1041579542659110  0.9945465968862607 -0.0053091604880709
   5380  B2EARSQ1 Sol_Quad          2824.371   0.061 -0.1135462938516483  0.9935122176278722 -0.0063806407744082
   5381  B2EARP1  Patch             2824.371   0.000 -0.1135499796506295  0.9935122176278722 -0.0063147086614127
   5382  B2EARSQ1 Sol_Quad          2824.432   0.061 -0.1229177459962873  0.9923886855884236 -0.0074782641877588
   5383  B2EARP1  Patch             2824.432   0.000 -0.1229220675541629  0.9923886855884236 -0.0074068903245253
   5384  B2EARSQ1 Sol_Quad          2824.494   0.061 -0.1322675651469462  0.9911761979928628 -0.0086623173862364
   5385  B2EARP1  Patch             2824.494   0.000 -0.1322725726531083  0.9911761979928628 -0.0085855143194652
   5386  B2EARSQ1 Sol_Quad          2824.555   0.061 -0.1415941098801863  0.9898749676809134 -0.0099325931123652
   5387  B2EARP1  Patch             2824.555   0.000 -0.1415998534039591  0.9898749676809134 -0.0098503743418898
   5388  B2EARSQ1 Sol_Quad          2824.616   0.061 -0.1508957428487715  0.9884852230695029 -0.0112888690018078
   5389  B2EARP1  Patch             2824.616   0.000 -0.1509022723306387  0.9884852230695029 -0.0112012489782303
   5390  B2EARSQ2 Sol_Quad          2824.678   0.061 -0.1601708220357542  0.9870072191426130 -0.0127301660925260
   5391  B2EARP2  Patch             2824.678   0.000 -0.1601781868480386  0.9870072191426130 -0.0126371602200562
   5392  B2EARSQ2 Sol_Quad          2824.739   0.061 -0.1694177348938660  0.9854412057634563 -0.0142569662580613
   5393  B2EARP2  Patch             2824.739   0.000 -0.1694259846889638  0.9854412057634563 -0.0141585908771587
   5394  B2EARSQ2 Sol_Quad          2824.801   0.061 -0.1786348581675414  0.9837874578575592 -0.0158690015315721
   5395  B2EARP2  Patch             2824.801   0.000 -0.1786440424425266  0.9837874578575592 -0.0157652739252901
   5396  B2EARSQ2 Sol_Quad          2824.862   0.061 -0.1878205738265624  0.9820462657514238 -0.0175659890450194
   5397  B2EARP2  Patch             2824.862   0.000 -0.1878307419145334  0.9820462657514238 -0.0174569274359741
   5398  B2EARSQ2 Sol_Quad          2824.924   0.061 -0.1969732693489643  0.9802179351214333 -0.0193476310756252
   5399  B2EARP2  Patch             2824.924   0.000 -0.1969844704104176  0.9802179351214333 -0.0192332546227989
   5400  B2EARSQ2 Sol_Quad          2824.985   0.061 -0.2060913380030042  0.9783027869400764 -0.0212136150949101
   5401  B2EARP2  Patch             2824.985   0.000 -0.2061036210172366  0.9783027869400764 -0.0210939438902920
   5402  B2EARSQ2 Sol_Quad          2825.047   0.061 -0.2151731791281432  0.9763011574195004 -0.0231636138202918
   5403  B2EARP2  Patch             2825.047   0.000 -0.2151865928846836  0.9763011574195004 -0.0230386688853552
   5404  B2EARSQ2 Sol_Quad          2825.108   0.061 -0.2242171984149960  0.9742133979524061 -0.0251972852692551
   5405  B2EARP2  Patch             2825.108   0.000 -0.2242317915050687  0.9742133979524061 -0.0250670885512723
   5406  B2EARSQ2 Sol_Quad          2825.170   0.061 -0.2332218081841934  0.9720398750503023 -0.0273142728160721
   5407  B2EARP2  Patch             2825.170   0.000 -0.2332376289922143  0.9720398750503023 -0.0271788471842665
   5408  B2EARSQ2 Sol_Quad          2825.231   0.061 -0.2421854276641185  0.9697809702791285 -0.0295142052510787
   5409  B2EARP2  Patch             2825.231   0.000 -0.2422025243592260  0.9697809702791285 -0.0293735744926169
   5410  B2EARSQ2 Sol_Quad          2825.293   0.061 -0.2511064832674601  0.9674370801922660 -0.0317966968425004
   5411  B2EARP2  Patch             2825.293   0.000 -0.2511249037950813  0.9674370801922660 -0.0316508856583228
   5412  B2EARSQ2 Sol_Quad          2825.354   0.061 -0.2599834088665416  0.9650086162609510 -0.0341613474008176
   5413  B2EARP2  Patch             2825.354   0.000 -0.2600032009399964  0.9650086162609510 -0.0340103814013091
   5414  B2EARSQ2 Sol_Quad          2825.416   0.061 -0.2688146460673723  0.9624960048021023 -0.0366077423456690
   5415  B2EARP2  Patch             2825.416   0.000 -0.2688358571595158  0.9624960048021023 -0.0364516480461714
   5416  B2EARSQ2 Sol_Quad          2825.477   0.061 -0.2775986444823822  0.9598996869035841 -0.0391354527752872
   5417  B2EARP2  Patch             2825.477   0.000 -0.2776213218172874  0.9598996869035841 -0.0389742575914522
   5418  B2EARSQ2 Sol_Quad          2825.539   0.061 -0.2863338620017832  0.9572201183469186 -0.0417440355384616
   5419  B2EARP2  Patch             2825.539   0.000 -0.2863580525464661  0.9572201183469186 -0.0415777677814469
   5420  B2EARSQ2 Sol_Quad          2825.600   0.061 -0.2950187650635120  0.9544577695274633 -0.0444330333090225
   5421  B2EARP2  Patch             2825.600   0.000 -0.2950445155196991  0.9544577695274633 -0.0442617221805309
   5422  B2EARSQ3 Sol_Quad          2825.662   0.061 -0.3036518300017400  0.9516130794061639 -0.0472028943995328
   5423  B2EARP3  Patch             2825.662   0.000 -0.3036791873317285  0.9516130794061639 -0.0470265699859131
   5424  B2EARSQ3 Sol_Quad          2825.723   0.061 -0.3122315318470383  0.9486865904700759 -0.0500522085696075
   5425  B2EARP3  Patch             2825.723   0.000 -0.3122605421945222  0.9486865904700759 -0.0498709018429249
   5426  B2EARSQ3 Sol_Quad          2825.785   0.061 -0.3207563643943388  0.9456788164633950 -0.0529804755820414
   5427  B2EARP3  Patch             2825.785   0.000 -0.3207870736128012  0.9456788164633950 -0.0527942183890285
   5428  B2EARSQ3 Sol_Quad          2825.846   0.061 -0.3292248310716141  0.9425902854007702 -0.0559871813359280
   5429  B2EARP3  Patch             2825.846   0.000 -0.3292572847162761  0.9425902854007702 -0.0557960063923937
   5430  B2EARSQ3 Sol_Quad          2825.908   0.061 -0.3376354452026922  0.9394215394746337 -0.0590717979569728
   5431  B2EARP3  Patch             2825.908   0.000 -0.3376696885225136  0.9394215394746337 -0.0588757388420584
   5432  B2EARSQ3 Sol_Quad          2825.969   0.061 -0.3459867302683332  0.9361731349600415 -0.0622337838902301
   5433  B2EARP3  Patch             2825.969   0.000 -0.3460228081980669  0.9361731349600415 -0.0620328750405140
   5434  B2EARSQ3 Sol_Quad          2826.031   0.061 -0.3542772201655217  0.9328456421170419 -0.0654725839952426
   5435  B2EARP3  Patch             2826.031   0.000 -0.3543151773178236  0.9328456421170419 -0.0652668606986947
   5436  B2EARSQ3 Sol_Quad          2826.092   0.061 -0.3625054594649310  0.9294396450905877 -0.0687876296435703
   5437  B2EARP3  Patch             2826.092   0.000 -0.3625453401225264  0.9294396450905877 -0.0685771280333560
   5438  B2EARSQ3 Sol_Quad          2826.154   0.061 -0.3706700036665121  0.9259557418080099 -0.0721783388186870
   5439  B2EARP3  Patch             2826.154   0.000 -0.3707118517744201  0.9259557418080099 -0.0719630958668239
   5440  B2EARSQ3 Sol_Quad          2826.215   0.061 -0.3787694194531630  0.9223945438740707 -0.0756441162182324
   5441  B2EARP3  Patch             2826.215   0.000 -0.3788132786109797  0.9223945438740707 -0.0754241697290985
   5442  B2EARSQ3 Sol_Quad          2826.276   0.061 -0.3868022849424340  0.9187566764636170 -0.0791843533585962
   5443  B2EARP3  Patch             2826.276   0.000 -0.3868481983966773  0.9187566764636170 -0.0789597419622932
   5444  B2EARSQ3 Sol_Quad          2826.338   0.061 -0.3947671899362241  0.9150427782118475 -0.0827984286818222
   5445  B2EARP3  Patch             2826.338   0.000 -0.3948152005727399  0.9150427782118475 -0.0825691918273928
   5446  B2EARSQ3 Sol_Quad          2826.399   0.061 -0.4026627361684289  0.9112535011022176 -0.0864857076648052
   5447  B2EARP3  Patch             2826.399   0.000 -0.4027128865048609  0.9112535011022176 -0.0862518856133068
   5448  B2EARSQ3 Sol_Quad          2826.461   0.061 -0.4104875375504867  0.9073895103520013 -0.0902455429307712
   5449  B2EARP3  Patch             2826.461   0.000 -0.4105398697288106  0.9073895103520013 -0.0900071767482076
   5450  B2EARSQ3 Sol_Quad          2826.522   0.061 -0.4182402204147896  0.9034514842955269 -0.0940772743630135
   5451  B2EARP3  Patch             2826.522   0.000 -0.4182947761939140  0.9034514842955269 -0.0938344059131243
   5452  B2EARSQ3 Sol_Quad          2826.584   0.061 -0.4259194237559121  0.8994401142651098 -0.0979802292208670
   5453  B2EARP3  Patch             2826.584   0.000 -0.4259762445043455  0.8994401142651098 -0.0977329011577776
   5454  B2EARSQ4 Sol_Quad          2826.645   0.061 -0.4335238404939444  0.8953562312928822 -0.1019524340482548
   5455  B2EARP4  Patch             2826.645   0.000 -0.4335829664345284  0.8953562312928822 -0.1017006897853567
   5456  B2EARSQ4 Sol_Quad          2826.707   0.061 -0.4410521084644033  0.8912004313073444 -0.1059944755951161
   5457  B2EARP4  Patch             2826.707   0.000 -0.4411135801608949  0.8912004313073444 -0.1057383593367007
   5458  B2EARSQ4 Sol_Quad          2826.768   0.061 -0.4485029062306144  0.8869734437901903 -0.1101056452396492
   5459  B2EARP4  Patch             2826.768   0.000 -0.4485667638355358  0.8869734437901903 -0.1098452019573977
   5460  B2EARSQ4 Sol_Quad          2826.830   0.061 -0.4558749259544448  0.8826760107031465 -0.1142852222082342
   5461  B2EARP4  Patch             2826.830   0.000 -0.4559412092020190  0.8826760107031465 -0.1140204976333497
   5462  B2EARSQ4 Sol_Quad          2826.891   0.061 -0.4631668736262367  0.8783088863572781 -0.1185324736986163
   5463  B2EARP4  Patch             2826.891   0.000 -0.4632356218254010  0.8783088863572781 -0.1182635143137966
   5464  B2EARSQ4 Sol_Quad          2826.953   0.061 -0.4703774692923530  0.8738728372801892 -0.1228466550052199
   5465  B2EARP4  Patch             2826.953   0.000 -0.4704487213198444  0.8738728372801892 -0.1225735080364976
   5466  B2EARSQ4 Sol_Quad          2827.014   0.061 -0.4775054472802870  0.8693686420811453 -0.1272270096466025
   5467  B2EARP4  Patch             2827.014   0.000 -0.4775792415738027  0.8693686420811453 -0.1269497230550550
   5468  B2EARSQ4 Sol_Quad          2827.076   0.061 -0.4845495564212956  0.8647970913141473 -0.1316727694950425
   5469  B2EARP4  Patch             2827.076   0.000 -0.4846259309727273  0.8647970913141473 -0.1313913919683717
   5470  B2EARSQ4 Sol_Quad          2827.137   0.061 -0.4915085602705210  0.8601589873389801 -0.1361831549082317
   5471  B2EARP4  Patch             2827.137   0.000 -0.4915875526192673  0.8601589873389801 -0.1358977358522170
   5472  B2EARSQ4 Sol_Quad          2827.199   0.061 -0.4983812373245604  0.8554551441802623 -0.1407573748630840
   5473  B2EARP4  Patch             2827.199   0.000 -0.4984628845509154  0.8554551441802623 -0.1404679643929082
   5474  B2EARSQ4 Sol_Quad          2827.260   0.061 -0.5051663812364502  0.8506863873845295 -0.1453946270916109
   5475  B2EARP4  Patch             2827.260   0.000 -0.5052507199550720  0.8506863873845295 -0.1451012760230613
   5476  B2EARSQ4 Sol_Quad          2827.322   0.061 -0.5118628010280184  0.8458535538753725 -0.1500940982188660
   5477  B2EARP4  Patch             2827.322   0.000 -0.5119498673814766  0.8458535538753725 -0.1497968580594126
   5478  B2EARSQ4 Sol_Quad          2827.383   0.061 -0.5184693212995842  0.8409574918066580 -0.1548549639029497
   5479  B2EARP4  Patch             2827.383   0.000 -0.5185591509519900  0.8409574918066580 -0.1545538868427013
   5480  B2EARSQ4 Sol_Quad          2827.445   0.061 -0.5249847824369551  0.8359990604138634 -0.1596763889770223
   5481  B2EARP4  Patch             2827.445   0.000 -0.5250774105676727  0.8359990604138634 -0.1593715278795624
   5482  B2EARSQ4 Sol_Quad          2827.506   0.061 -0.5314080408156919  0.8309791298635459 -0.1645575275933417
   5483  B2EARP4  Patch             2827.506   0.000 -0.5315035021131338  0.8309791298635459 -0.1642489359864457
   5484  B2EARSQ4 Sol_Quad          2827.568   0.061 -0.5377379690026058  0.8258985811009800 -0.1694975233692862
   5485  B2EARP4  Patch             2827.568   0.000 -0.5378362976581131  0.8258985811009800 -0.1691852554355217
   5486  B2EARSQ5 Sol_Quad          2827.629   0.061 -0.5439733852289200  0.8207581267412549 -0.1744965717449950
   5487  B2EARP5  Patch             2827.629   0.000 -0.5440746155475052  0.8207581267412549 -0.1741806823531287
   5488  B2EARSQ5 Sol_Quad          2827.691   0.061 -0.5501132527511416  0.8155588456304284 -0.1795527177781013
   5489  B2EARP5  Patch             2827.691   0.000 -0.5502174179028697  0.8155588456304284 -0.1792332623991504
   5490  B2EARSQ5 Sol_Quad          2827.752   0.061 -0.5561564936294251  0.8103016504507106 -0.1846650748535265
   5491  B2EARP5  Patch             2827.752   0.000 -0.5562636262697160  0.8103016504507106 -0.1843421095846009
   5492  B2EARSQ5 Sol_Quad          2827.814   0.061 -0.5621020468603490  0.8049874640487975 -0.1898327464893040
   5493  B2EARP5  Patch             2827.814   0.000 -0.5622121791242564  0.8049874640487975 -0.1895063280437397
   5494  B2EARSQ5 Sol_Quad          2827.875   0.061 -0.5679488685627685  0.7996172192737001 -0.1950548264956455
   5495  B2EARP5  Patch             2827.875   0.000 -0.5680620320593396  0.7996172192737001 -0.1947250121930643
   5496  B2EARSQ5 Sol_Quad          2827.936   0.061 -0.5736959321606498  0.7941918588127554 -0.2003303991356353
   5497  B2EARP5  Patch             2827.936   0.000 -0.5738121579673796  0.7941918588127554 -0.1999972468918984
   5498  B2EARSQ5 Sol_Quad          2827.998   0.061 -0.5793422285628695  0.7887123350258460 -0.2056585392874913
   5499  B2EARP5  Patch             2827.998   0.000 -0.5794615472202476  0.7887123350258460 -0.2053221076045478
   5500  B2EARSQ5 Sol_Quad          2828.059   0.061 -0.5848867663399433  0.7831796097778567 -0.2110383126083680
   5501  B2EARP5  Patch             2828.059   0.000 -0.5850092078460972  0.7831796097778567 -0.2106986605640016
   5502  B2EARSQ5 Sol_Quad          2828.121   0.061 -0.5903285718976572  0.7775946542693962 -0.2164687756996578
   5503  B2EARP5  Patch             2828.121   0.000 -0.5904541657030913  0.7775946542693962 -0.2161259629371319
   5504  B2EARSQ5 Sol_Quad          2828.182   0.061 -0.5956666896475632  0.7719584488658046 -0.2219489762738089
   5505  B2EARP5  Patch             2828.182   0.000 -0.5957954646499938  0.7719584488658046 -0.2216030629914131
   5506  B2EARSQ5 Sol_Quad          2828.244   0.061 -0.6009001821743177  0.7662719829244835 -0.2274779533225786
   5507  B2EARP5  Patch             2828.244   0.000 -0.6010321667136064  0.7662719829244835 -0.2271290002630779
   5508  B2EARSQ5 Sol_Quad          2828.305   0.061 -0.6060281303998241  0.7605362546205663 -0.2330547372867418
   5509  B2EARP5  Patch             2828.305   0.000 -0.6061633522530094  0.7605362546205663 -0.2327028057267302
   5510  B2EARSQ5 Sol_Quad          2828.367   0.061 -0.6110496337441507  0.7547522707709684 -0.2386783502272120
   5511  B2EARP5  Patch             2828.367   0.000 -0.6111881201205799  0.7547522707709684 -0.2383235019663735
   5512  B2EARSQ5 Sol_Quad          2828.428   0.061 -0.6159638102832026  0.7489210466568312 -0.2443478059975422
   5513  B2EARP5  Patch             2828.428   0.000 -0.6161055878197619  0.7489210466568312 -0.2439901033478189
   5514  B2EARSQ5 Sol_Quad          2828.490   0.061 -0.6207697969031024  0.7430436058444071 -0.2500621104177914
   5515  B2EARP5  Patch             2828.490   0.000 -0.6209148916595498  0.7430436058444071 -0.2497016161924633
   5516  B2EARSQ5 Sol_Quad          2828.551   0.061 -0.6254667494512638  0.7371209800043932 -0.2558202614497332
   5517  B2EARP5  Patch             2828.551   0.000 -0.6256151869056626  0.7371209800043932 -0.2554570389524090
   5518  B2EARSQ6 Sol_Quad          2828.613   0.061 -0.6300538638158306  0.7311544047718532 -0.2616206510836565
   5519  B2EARP6  Patch             2828.613   0.000 -0.6302056685126837  0.7311544047718532 -0.2612547640851262
   5520  B2EARSQ6 Sol_Quad          2828.674   0.061 -0.6345303271415101  0.7251447375164686 -0.2674628452511423
   5521  B2EARP6  Patch             2828.674   0.000 -0.6346855233734139  0.7251447375164686 -0.2670943579942565
   5522  B2EARSQ6 Sol_Quad          2828.736   0.061 -0.6388953535022144  0.7190930331513452 -0.2733458193323172
   5523  B2EARP6  Patch             2828.736   0.000 -0.6390539649669488  0.7190930331513452 -0.2729747965164496
   5524  B2EARSQ6 Sol_Quad          2828.797   0.061 -0.6431481765055180  0.7130003539568468 -0.2792685415778424
   5525  B2EARP6  Patch             2828.797   0.000 -0.6433102263019035  0.7130003539568468 -0.2788950483475491
   5526  B2EARSQ6 Sol_Quad          2828.859   0.061 -0.6472880494265680  0.7068677693944114 -0.2852299732862852
   5527  B2EARP6  Patch             2828.859   0.000 -0.6474535600504254  0.7068677693944114 -0.2848540752198857
   5528  B2EARSQ6 Sol_Quad          2828.920   0.061 -0.6513142453385993  0.7006963559191937 -0.2912290689827350
   5529  B2EARP6  Patch             2828.920   0.000 -0.6514832386788134  0.7006963559191937 -0.2908508320808176
   5530  B2EARSQ6 Sol_Quad          2828.982   0.061 -0.6552260572400328  0.6944871967915710 -0.2972647765986494
   5531  B2EARP6  Patch             2828.982   0.000 -0.6553985545747206  0.6944871967915710 -0.2968842672725023
   5532  B2EARSQ6 Sol_Quad          2829.043   0.061 -0.6590227981781412  0.6882413818875381 -0.3033360376529020
   5533  B2EARP6  Patch             2829.043   0.000 -0.6591988201709249  0.6882413818875381 -0.3029533227128735
   5534  B2EARSQ6 Sol_Quad          2829.105   0.061 -0.6627038013692497  0.6819600075080396 -0.3094417874340157
   5535  B2EARP6  Patch             2829.105   0.000 -0.6628833680656353  0.6819600075080396 -0.3090569340778037
   5536  B2EARSQ6 Sol_Quad          2829.166   0.061 -0.6662684203154601  0.6756441761872586 -0.3155809551835473
   5537  B2EARP6  Patch             2829.166   0.000 -0.6664515511393234  0.6756441761872586 -0.3151940309844214
   5538  B2EARSQ6 Sol_Quad          2829.228   0.061 -0.6697160289178714  0.6692949964999099 -0.3217524642806024
   5539  B2EARP6  Patch             2829.228   0.000 -0.6699027426680502  0.6692949964999099 -0.3213635371755602
   5540  B2EARSQ6 Sol_Quad          2829.289   0.061 -0.6730460215862799  0.6629135828675602 -0.3279552324274657
   5541  B2EARP6  Patch             2829.289   0.000 -0.6732363364332740  0.6629135828675602 -0.3275643707053250
   5542  B2EARSQ6 Sol_Quad          2829.351   0.061 -0.6762578133453339  0.6565010553640229 -0.3341881718363014
   5543  B2EARP6  Patch             2829.351   0.000 -0.6764517468281143  0.6565010553640229 -0.3337954441257316
   5544  B2EARSQ6 Sol_Quad          2829.412   0.061 -0.6793508399371274  0.6500585395198455 -0.3404501894169292
   5545  B2EARP6  Patch             2829.412   0.000 -0.6795484089600538  0.6500585395198455 -0.3400556646744221
   5546  B2EARSQ6 Sol_Quad          2829.474   0.061 -0.6823245579202105  0.6435871661259376 -0.3467401869656194
   5547  B2EARP6  Patch             2829.474   0.000 -0.6825257787500583  0.6435871661259376 -0.3463439344634029
   5548  B2EARSQ6 Sol_Quad          2829.535   0.061 -0.6851784447649963  0.6370880710363692 -0.3530570613549007
   5549  B2EARP6  Patch             2829.535   0.000 -0.6853833330280944  0.6370880710363692 -0.3526591506687974
   5550  LARC2    Drift             2830.214   0.679 -0.6853833330280944  0.6370880710363692 -0.3526591506687974
   5551  QF2ERA   Quadrupole        2830.771   0.557 -0.6853832607193948  0.6370880869526491 -0.3526592624455552
   5552  LPQSE    Drift             2830.943   0.172 -0.6853832607193948  0.6370880869526491 -0.3526592624455552
   5553  MQF2E47  Monitor           2830.943   0.000 -0.6853832607193948  0.6370880869526491 -0.3526592624455552
   5554  LX0QSE   Drift             2831.026   0.083 -0.6853832607193948  0.6370880869526491 -0.3526592624455552
   5555  ZHQF2E47 Sbend             2831.370   0.344 -0.6853832607193948  0.6370880869526491 -0.3526592624455552
   5556  LARC11   Drift             2834.683   3.313 -0.6853832607193948  0.6370880869526491 -0.3526592624455552
   5557  MQD1E24  Monitor           2834.683   0.000 -0.6853832607193948  0.6370880869526491 -0.3526592624455552
   5558  LPQBE    Drift             2834.875   0.192 -0.6853832607193948  0.6370880869526491 -0.3526592624455552
   5559  QD1ERA   Quadrupole        2835.890   1.015 -0.6853833289087760  0.6370880708072205 -0.3526591590885423
   5560  LTR124   Drift             2836.010   0.120 -0.6853833289087760  0.6370880708072205 -0.3526591590885423
   5561  ZVQD1E24 Sbend             2836.355   0.344 -0.6853833289087760  0.6370880708072205 -0.3526591590885423
   5562  LTR123   Drift             2839.395   3.040 -0.6853833289087760  0.6370880708072205 -0.3526591590885423
   5563  ZHQF2E48 Sbend             2839.740   0.344 -0.6853833289087760  0.6370880708072205 -0.3526591590885423
   5564  LTR122   Drift             2839.822   0.083 -0.6853833289087760  0.6370880708072205 -0.3526591590885423
   5565  MQF2E48  Monitor           2839.822   0.000 -0.6853833289087760  0.6370880708072205 -0.3526591590885423
   5566  LTR121   Drift             2839.994   0.172 -0.6853833289087760  0.6370880708072205 -0.3526591590885423
   5567  QF2ERA   Quadrupole        2840.551   0.557 -0.6853832562837900  0.6370880631351937 -0.3526593140928723
   5568  LTR120   Drift             2841.230   0.679 -0.6853832562837900  0.6370880631351937 -0.3526593140928723
   5569  B2EBRSQ1 Sol_Quad          2841.292   0.061 -0.6884656206974720  0.6299558183821670 -0.3594033333235497
   5570  B2EBRP1  Patch             2841.292   0.000 -0.6886741933905800  0.6299558183821670 -0.3590035128578380
   5571  B2EBRSQ1 Sol_Quad          2841.353   0.061 -0.6916199261606721  0.6227900976257996 -0.3657791301273670
   5572  B2EBRP1  Patch             2841.353   0.000 -0.6918322004498842  0.6227900976257996 -0.3653774770287543
   5573  B2EBRSQ1 Sol_Quad          2841.415   0.061 -0.6946406751812869  0.6155922839010892 -0.3721833854232430
   5574  B2EBRP1  Patch             2841.415   0.000 -0.6948566676136372  0.6155922839010892 -0.3717799772369295
   5575  B2EBRSQ1 Sol_Quad          2841.476   0.061 -0.6975272843739375  0.6083637664400217 -0.3786148639934924
   5576  B2EBRP1  Patch             2841.476   0.000 -0.6977470107793248  0.6083637664400217 -0.3782097786036309
   5577  B2EBRSQ1 Sol_Quad          2841.538   0.061 -0.7002791962144397  0.6011059404030581 -0.3850723253642014
   5578  B2EBRP1  Patch             2841.538   0.000 -0.7005026717025716  0.6011059404030581 -0.3846656409788821
   5579  B2EBRSQ1 Sol_Quad          2841.599   0.061 -0.7028958791472695  0.5938202066094097 -0.3915545240450244
   5580  B2EBRP1  Patch             2841.599   0.000 -0.7031231181047451  0.5938202066094097 -0.3911463191811972
   5581  B2EBRSQ1 Sol_Quad          2841.660   0.061 -0.7053768276880356  0.5865079712661609 -0.3980602097698231
   5582  B2EBRP1  Patch             2841.660   0.000 -0.7056078437755681  0.5865079712661609 -0.3976505632381598
   5583  B2EBRSQ1 Sol_Quad          2841.722   0.061 -0.7077215625209236  0.5791706456962779 -0.4045881277381715
   5584  B2EBRP1  Patch             2841.722   0.000 -0.7079563686707027  0.5791706456962779 -0.4041771186278717
   5585  B2EBRSQ1 Sol_Quad          2841.783   0.061 -0.7099296305910980  0.5718096460655708 -0.4111370188576230
   5586  B2EBRP1  Patch             2841.783   0.000 -0.7101682390042936  0.5718096460655708 -0.4107247265211663
   5587  B2EBRSQ1 Sol_Quad          2841.845   0.061 -0.7120006051920511  0.5644263931086426 -0.4177056199867324
   5588  B2EBRP1  Patch             2841.845   0.000 -0.7122430273364576  0.5644263931086426 -0.4172921240245802
   5589  B2EBRSQ1 Sol_Quad          2841.906   0.061 -0.7139340860478618  0.5570223118538913 -0.4242926641787843
   5590  B2EBRP1  Patch             2841.906   0.000 -0.7141803326556844  0.5570223118538913 -0.4238780444240329
   5591  B2EBRSQ1 Sol_Quad          2841.968   0.061 -0.7157296993903665  0.5495988313476099 -0.4308968809261656
   5592  B2EBRP1  Patch             2841.968   0.000 -0.7159797804561487  0.5495988313476099 -0.4304812174291552
   5593  B2EBRSQ1 Sol_Quad          2842.029   0.061 -0.7173870980312107  0.5421573843772395 -0.4375169964053627
   5594  B2EBRP1  Patch             2842.029   0.000 -0.7176410228099048  0.5421573843772395 -0.4371003694182445
   5595  B2EBRSQ1 Sol_Quad          2842.091   0.061 -0.7189059614287717  0.5346994071938277 -0.4441517337225244
   5596  B2EBRP1  Patch             2842.091   0.000 -0.7191637384339512  0.5346994071938277 -0.4437342236837883
   5597  B2EBRSQ1 Sol_Quad          2842.152   0.061 -0.7202859957499355  0.5272263392337441 -0.4507998131595568
   5598  B2EBRP1  Patch             2842.152   0.000 -0.7205476327521508  0.5272263392337441 -0.4503815006785235
   5599  B2EBRSQ1 Sol_Quad          2842.214   0.061 -0.7215269339267114  0.5197396228397047 -0.4574599524206933
   5600  B2EBRP1  Patch             2842.214   0.000 -0.7217924379519888  0.5197396228397047 -0.4570409182619740
   5601  B2EBRSQ2 Sol_Quad          2842.275   0.061 -0.7226285654832532  0.5122411192368448 -0.4641303611169846
   5602  B2EBRP2  Patch             2842.275   0.000 -0.7228979425180587  0.5122411192368448 -0.4637106861677054
   5603  B2EBRSQ2 Sol_Quad          2842.337   0.061 -0.7235906677625071  0.5047318681455464 -0.4708102450088548
   5604  B2EBRP2  Patch             2842.337   0.000 -0.7238639233321669  0.5047318681455464 -0.4703900102855625
   5605  B2EBRSQ2 Sol_Quad          2842.398   0.061 -0.7244130547622264  0.4972133188540372 -0.4774983158548259
   5606  B2EBRP2  Patch             2842.398   0.000 -0.7246901936440758  0.4972133188540372 -0.4770776024822873
   5607  B2EBRSQ2 Sol_Quad          2842.460   0.061 -0.7250955674117608  0.4896869224311789 -0.4841932838440436
   5608  B2EBRP2  Patch             2842.460   0.000 -0.7253765936342293  0.4896869224311789 -0.4837721730396077
   5609  B2EBRSQ2 Sol_Quad          2842.521   0.061 -0.7256380736024024  0.4821541314472521 -0.4908938578419177
   5610  B2EBRP2  Patch             2842.521   0.000 -0.7259229904442398  0.4821541314472521 -0.4904724308998607
   5611  B2EBRSQ2 Sol_Quad          2842.583   0.061 -0.7260404682125978  0.4746163996945485 -0.4975987456360764
   5612  B2EBRP2  Patch             2842.583   0.000 -0.7263292782022445  0.4746163996945485 -0.4971770839119313
   5613  B2EBRSQ2 Sol_Quad          2842.644   0.061 -0.7263026731280291  0.4670751819078206 -0.5043066541825872
   5614  B2EBRP2  Patch             2842.644   0.000 -0.7265953780431279  0.4670751819078206 -0.5038848390774626
   5615  B2EBRSQ2 Sol_Quad          2842.706   0.061 -0.7264246372565473  0.4595319334846522 -0.5110162898524184
   5616  B2EBRP2  Patch             2842.706   0.000 -0.7267212381235999  0.4595319334846522 -0.5105944027973075
   5617  B2EBRSQ2 Sol_Quad          2842.767   0.061 -0.7264063365379657  0.4519881102057913 -0.5177263586780845
   5618  B2EBRP2  Patch             2842.767   0.000 -0.7267068336321314  0.4519881102057913 -0.5173044811181694
   5619  B2EBRSQ2 Sol_Quad          2842.829   0.061 -0.7262477739486992  0.4444451679555124 -0.5244355666004493
   5620  B2EBRP2  Patch             2842.829   0.000 -0.7265521667937367  0.4444451679555124 -0.5240137799794022
   5621  B2EBRSQ2 Sol_Quad          2842.890   0.061 -0.7259489795012598  0.4369045624420468 -0.5311426197156297
   5622  B2EBRP2  Patch             2842.890   0.000 -0.7262572668696133  0.4369045624420468 -0.5307210054599137
   5623  B2EBRSQ2 Sol_Quad          2842.952   0.061 -0.7255100102385885  0.4293677489181482 -0.5378462245219763
   5624  B2EBRP2  Patch             2842.952   0.000 -0.7258221901516164  0.4293677489181482 -0.5374248640251507
   5625  B2EBRSQ2 Sol_Quad          2843.013   0.061 -0.7249309502232462  0.4218361819018328 -0.5445450881670715
   5626  B2EBRP2  Patch             2843.013   0.000 -0.7252470199515936  0.4218361819018328 -0.5441240627741021
   5627  B2EBRSQ2 Sol_Quad          2843.075   0.061 -0.7242119105214391  0.4143113148973593 -0.5512379186947201
   5628  B2EBRP2  Patch             2843.075   0.000 -0.7245318665855539  0.4143113148973593 -0.5508173096862996
   5629  B2EBRSQ2 Sol_Quad          2843.136   0.061 -0.7233530291818950  0.4067946001164903 -0.5579234252918761
   5630  B2EBRP2  Patch             2843.136   0.000 -0.7236768673526867  0.4067946001164903 -0.5575033138687564
   5631  B2EBRSQ2 Sol_Quad          2843.198   0.061 -0.7223544712095874  0.3992874882000934 -0.5646003185354714
   5632  B2EBRP2  Patch             2843.198   0.000 -0.7226821865092296  0.3992874882000934 -0.5641807858028111
   5633  B2EBRSQ3 Sol_Quad          2843.259   0.061 -0.7212164050780202  0.3917907539998461 -0.5712678024591852
   5634  B2EBRP3  Patch             2843.259   0.000 -0.7215479920664781  0.3917907539998461 -0.5708489294244523
   5635  B2EBRSQ3 Sol_Quad          2843.320   0.061 -0.7199390615041268  0.3843065107028600 -0.5779240897833621
   5636  B2EBRP3  Patch             2843.320   0.000 -0.7202745137035363  0.3843065107028600 -0.5775059573203593
   5637  B2EBRSQ3 Sol_Quad          2843.382   0.061 -0.7185226872573635  0.3768362031235795 -0.5845678950402929
   5638  B2EBRP3  Patch             2843.382   0.000 -0.7188619974434082  0.3768362031235795 -0.5841505838797522
   5639  B2EBRSQ3 Sol_Quad          2843.443   0.061 -0.7169675559636256  0.3693812733952542 -0.5911979351794319
   5640  B2EBRP3  Patch             2843.443   0.000 -0.7173107161669350  0.3693812733952542 -0.5907815258934196
   5641  B2EBRSQ3 Sol_Quad          2843.505   0.061 -0.7152739680523592  0.3619431606911321 -0.5978129298162798
   5642  B2EBRP3  Patch             2843.505   0.000 -0.7156209695600526  0.3619431606911321 -0.5973975028026329
   5643  B2EBRSQ3 Sol_Quad          2843.566   0.061 -0.7134422506984688  0.3545233009461967 -0.6044116014807246
   5644  B2EBRP3  Patch             2843.566   0.000 -0.7137930840558433  0.3545233009461967 -0.6039972369475202
   5645  B2EBRSQ3 Sol_Quad          2843.628   0.061 -0.7114727577590400  0.3471231265794901 -0.6109926758647800
   5646  B2EBRP3  Patch             2843.628   0.000 -0.7118274127714015  0.3471231265794901 -0.6105794538148417
   5647  B2EBRSQ3 Sol_Quad          2843.689   0.061 -0.7093658697048738  0.3397440662170997 -0.6175548820696808
   5648  B2EBRP3  Patch             2843.689   0.000 -0.7097243354395127  0.3397440662170997 -0.6171428822851247
   5649  B2EBRSQ3 Sol_Quad          2843.751   0.061 -0.7071219935468674  0.3323875444158287 -0.6240969528522773
   5650  B2EBRP3  Patch             2843.751   0.000 -0.7074842583351764  0.3323875444158287 -0.6236862548791011
   5651  B2EBRSQ3 Sol_Quad          2843.812   0.061 -0.7047415627572311  0.3250549813876440 -0.6306176248706916
   5652  B2EBRP3  Patch             2843.812   0.000 -0.7051076141969660  0.3250549813876440 -0.6302083080034088
   5653  B2EBRSQ3 Sol_Quad          2843.874   0.061 -0.7022250371855812  0.3177477927249167 -0.6371156389291748
   5654  B2EBRP3  Patch             2843.874   0.000 -0.7025948621432641  0.3177477927249167 -0.6367077821954975
   5655  B2EBRSQ3 Sol_Quad          2843.935   0.061 -0.6995729029699076  0.3104673891265385 -0.6435897402221267
   5656  B2EBRP3  Patch             2843.935   0.000 -0.6999464875833715  0.3104673891265385 -0.6431834223677015
   5657  B2EBRSQ3 Sol_Quad          2843.997   0.061 -0.6967856724424459  0.3032151761249505 -0.6500386785772222
   5658  B2EBRP3  Patch             2843.997   0.000 -0.6971630021235210  0.3032151761249505 -0.6496339780504189
   5659  B2EBRSQ3 Sol_Quad          2844.058   0.061 -0.6938638840304614  0.2959925538141477 -0.6564612086976039
   5660  B2EBRP3  Patch             2844.058   0.000 -0.6942449434678010  0.2959925538141477 -0.6560582036343625
   5661  B2EBRSQ3 Sol_Quad          2844.120   0.061 -0.6908081021519776  0.2888009165787025 -0.6628560904030841
   5662  B2EBRP3  Patch             2844.120   0.000 -0.6911928753140250  0.2888009165787025 -0.6624548586118223
   5663  B2EBRSQ3 Sol_Quad          2844.181   0.061 -0.6876189171064614  0.2816416528238720 -0.6692220888703188
   5664  B2EBRP3  Patch             2844.181   0.000 -0.6880073872445561  0.2816416528238720 -0.6688227078169032
   5665  B2EBRSQ4 Sol_Quad          2844.243   0.061 -0.6842971317910878  0.2745171030453185 -0.6755573961981870
   5666  B2EBRP4  Patch             2844.243   0.000 -0.6846892811067126  0.2745171030453185 -0.6751599428825414
   5667  B2EBRSQ4 Sol_Quad          2844.304   0.061 -0.6808432149209207  0.2674276950456763 -0.6818613822608517
   5668  B2EBRP4  Patch             2844.304   0.000 -0.6812390252495103  0.2674276950456763 -0.6814659334109309
   5669  B2EBRSQ4 Sol_Quad          2844.366   0.061 -0.6772578336438684  0.2603747963996172 -0.6881328303226413
   5670  B2EBRP4  Patch             2844.366   0.000 -0.6776572861142854  0.2603747963996172 -0.6877394622791804
   5671  B2EBRSQ4 Sol_Quad          2844.427   0.061 -0.6735416804900821  0.2533597675948354 -0.6943705299095461
   5672  B2EBRP4  Patch             2844.427   0.000 -0.6739447555282065  0.2533597675948354 -0.6939793186113643
   5673  B2EBRSQ4 Sol_Quad          2844.489   0.061 -0.6696954732381813  0.2463839617713950 -0.7005732770425206
   5674  B2EBRP4  Patch             2844.489   0.000 -0.6701021505706777  0.2463839617713950 -0.7001842980118598
   5675  B2EBRSQ4 Sol_Quad          2844.550   0.061 -0.6657199547766751  0.2394487244626409 -0.7067398744696181
   5676  B2EBRP4  Patch             2844.550   0.000 -0.6661302134348942  0.2394487244626409 -0.7063532027975609
   5677  B2EBRSQ4 Sol_Quad          2844.612   0.061 -0.6616158929605598  0.2325553933377153 -0.7128691318969543
   5678  B2EBRP4  Patch             2844.612   0.000 -0.6620297112845750  0.2325553933377153 -0.7124848422289266
   5679  B2EBRSQ4 Sol_Quad          2844.673   0.061 -0.6573840804631207  0.2257052979457147 -0.7189598662184618
   5680  B2EBRP4  Patch             2844.673   0.000 -0.6578014361058971  0.2257052979457147 -0.7185780327398206
   5681  B2EBRSQ4 Sol_Quad          2844.735   0.061 -0.6530253346229783  0.2188997594615311 -0.7250109017443849
   5682  B2EBRP4  Patch             2844.735   0.000 -0.6534462045546751  0.2188997594615311 -0.7246315981660947
   5683  B2EBRSQ4 Sol_Quad          2844.796   0.061 -0.6485404972863992  0.2121400904334331 -0.7310210704284659
   5684  B2EBRP4  Patch             2844.796   0.000 -0.6489648577988036  0.2121400904334331 -0.7306443699728676
   5685  B2EBRSQ4 Sol_Quad          2844.858   0.061 -0.6439304346449138  0.2054275945324113 -0.7369892120937828
   5686  B2EBRP4  Patch             2844.858   0.000 -0.6443582613560066  0.2054275945324113 -0.7366151874804556
   5687  B2EBRSQ4 Sol_Quad          2844.919   0.061 -0.6391960370682721  0.1987635663033462 -0.7429141746571853
   5688  B2EBRP4  Patch             2844.919   0.000 -0.6396273049269225  0.1987635663033462 -0.7425428980889066
   5689  B2EBRSQ4 Sol_Quad          2844.980   0.061 -0.6343382189327698  0.1921492909180175 -0.7487948143522895
   5690  B2EBRP4  Patch             2844.980   0.000 -0.6347729022235616  0.1921492909180175 -0.7484263575010937
   5691  B2EBRSQ4 Sol_Quad          2845.042   0.061 -0.6293579184449845  0.1855860439300237 -0.7546299959509793
   5692  B2EBRP4  Patch             2845.042   0.000 -0.6297959907931692  0.1855860439300237 -0.7542644299443194
   5693  B2EBRSQ4 Sol_Quad          2845.103   0.061 -0.6242560974609601  0.1790750910316130 -0.7604185929833694
   5694  B2EBRP4  Patch             2845.103   0.000 -0.6246975318375385  0.1790750910316130 -0.7600559883903835
   5695  B2EBRSQ4 Sol_Quad          2845.165   0.061 -0.6190337413008705  0.1726176878125035 -0.7661594879561880
   5696  B2EBRP4  Patch             2845.165   0.000 -0.6194785100278009  0.1726176878125035 -0.7657999147740728
   5697  B2EBRSQ5 Sol_Quad          2845.226   0.061 -0.6136915053380594  0.1662141398258649 -0.7718520557709431
   5698  B2EBRP5  Patch             2845.226   0.000 -0.6141395803741759  0.1662141398258649 -0.7714955836164946
   5699  B2EBRSQ5 Sol_Quad          2845.288   0.061 -0.6082307542964939  0.1598666339158638 -0.7774947002316520
   5700  B2EBRP5  Patch             2845.288   0.000 -0.6086821066736601  0.1598666339158638 -0.7771413979294265
   5701  B2EBRSQ5 Sol_Quad          2845.349   0.061 -0.6026525416662467  0.1535763944482663 -0.7830863331022067
   5702  B2EBRP5  Patch             2845.349   0.000 -0.6031071417842131  0.1535763944482663 -0.7827362688652701
   5703  B2EBRSQ5 Sol_Quad          2845.411   0.061 -0.5969579435805040  0.1473446347345961 -0.7886258759456485
   5704  B2EBRP5  Patch             2845.411   0.000 -0.5974157612126412  0.1473446347345961 -0.7882791173623884
   5705  B2EBRSQ5 Sol_Quad          2845.472   0.061 -0.5911480586087080  0.1411725567961808 -0.7941122603327330
   5706  B2EBRP5  Patch             2845.472   0.000 -0.5916090629078145  0.1411725567961808 -0.7937688743538288
   5707  B2EBRSQ5 Sol_Quad          2845.534   0.061 -0.5852240075453389  0.1350613511303125 -0.7995444280485017
   5708  B2EBRP5  Patch             2845.534   0.000 -0.5856881670495682  0.1350613511303125 -0.7992044809740181
   5709  B2EBRSQ5 Sol_Quad          2845.595   0.061 -0.5791869331944003  0.1290121964785557 -0.8049213312968057
   5710  B2EBRP5  Patch             2845.595   0.000 -0.5796542158333069  0.1290121964785557 -0.8045848887634112
   5711  B2EBRSQ5 Sol_Quad          2845.657   0.061 -0.5730380001496490  0.1230262595972564 -0.8102419329027456
   5712  B2EBRP5  Patch             2845.657   0.000 -0.5735083732503520  0.1230262595972564 -0.8099090598710582
   5713  B2EBRSQ5 Sol_Quad          2845.718   0.061 -0.5667783945706205  0.1171046950302700 -0.8155052065129907
   5714  B2EBRP5  Patch             2845.718   0.000 -0.5672518248640834  0.1171046950302700 -0.8151759672550539
   5715  B2EBRSQ5 Sol_Quad          2845.780   0.061 -0.5604093239544696  0.1112486448839868 -0.8207101367939529
   5716  B2EBRP5  Patch             2845.780   0.000 -0.5608857775818957  0.1112486448839868 -0.8203845948808440
   5717  B2EBRSQ5 Sol_Quad          2845.841   0.061 -0.5539320169036848  0.1054592386046579 -0.8258557196277807
   5718  B2EBRP5  Patch             2845.841   0.000 -0.5544114594230257  0.1054592386046579 -0.8255339379173543
   5719  B2EBRSQ5 Sol_Quad          2845.903   0.061 -0.5473477228896986  0.0997375927581035 -0.8309409623061428
   5720  B2EBRP5  Patch             2845.903   0.000 -0.5478301192822760  0.0997375927581035 -0.8306230029309108
   5721  B2EBRSQ5 Sol_Quad          2845.964   0.061 -0.5406577120124473  0.0940848108117959 -0.8359648837217701
   5722  B2EBRP5  Patch             2845.964   0.000 -0.5411430266896854  0.0940848108117959 -0.8356508080769224
   5723  B2EBRSQ5 Sol_Quad          2846.026   0.061 -0.5338632747559175  0.0885019829194060 -0.8409265145577225
   5724  B2EBRP5  Patch             2846.026   0.000 -0.5343514715661859  0.0885019829194060 -0.8406163832892880
   5725  B2EBRSQ5 Sol_Quad          2846.087   0.061 -0.5269657217397187  0.0829901857078137 -0.8458248974743519
   5726  B2EBRP5  Patch             2846.087   0.000 -0.5274567639752835  0.0829901857078137 -0.8455187704675057
   5727  B2EBRSQ5 Sol_Quad          2846.149   0.061 -0.5199663834667246  0.0775504820666463 -0.8506590872939310
   5728  B2EBRP5  Patch             2846.149   0.000 -0.5204602338708070  0.0775504820666463 -0.8503570236614464
   5729  B2EBRSQ6 Sol_Quad          2846.210   0.061 -0.5128667709163767  0.0721848417737022 -0.8554279770430073
   5730  B2EBRP6  Patch             2846.210   0.000 -0.5133633915891753  0.0721848417737022 -0.8551300350204886
   5731  B2EBRSQ6 Sol_Quad          2846.272   0.061 -0.5056681205072857  0.0668933947447988 -0.8601308189119391
   5732  B2EBRP6  Patch             2846.272   0.000 -0.5061674731145726  0.0668933947447988 -0.8598370560171865
   5733  B2EBRSQ6 Sol_Quad          2846.333   0.061 -0.4983718211896158  0.0616771618254323 -0.8647667058538288
   5734  B2EBRP6  Patch             2846.333   0.000 -0.4988738668702489  0.0616771618254323 -0.8644771787982964
   5735  B2EBRSQ6 Sol_Quad          2846.395   0.061 -0.4909792807403899  0.0565371493287319 -0.8693347437146448
   5736  B2EBRP6  Patch             2846.395   0.000 -0.4914839801137964  0.0565371493287319 -0.8690495083925076
   5737  B2EBRSQ6 Sol_Quad          2846.456   0.061 -0.4834919254921534  0.0514743488425601 -0.8738340514051289
   5738  B2EBRP6  Patch             2846.456   0.000 -0.4839992386659125  0.0514743488425601 -0.8735531628825051
   5739  B2EBRSQ6 Sol_Quad          2846.517   0.061 -0.4759112000580931  0.0464897370395073 -0.8782637610702378
   5740  B2EBRP6  Patch             2846.517   0.000 -0.4764210866356178  0.0464897370395073 -0.8779872735745725
   5741  B2EBRSQ6 Sol_Quad          2846.579   0.061 -0.4682385670536628  0.0415842754898055 -0.8826230182560940
   5742  B2EBRP6  Patch             2846.579   0.000 -0.4687509861419778  0.0415842754898055 -0.8823509851657039
   5743  B2EBRSQ6 Sol_Quad          2846.640   0.061 -0.4604755068147682  0.0367589104772054 -0.8869109820744067
   5744  B2EBRP6  Patch             2846.640   0.000 -0.4609904170323839  0.0367589104772054 -0.8866434559081879
   5745  B2EBRSQ6 Sol_Quad          2846.702   0.061 -0.4526235171125718  0.0320145728178486 -0.8911268253643324
   5746  B2EBRP6  Patch             2846.702   0.000 -0.4531408765974525  0.0320145728178486 -0.8908638577716351
   5747  B2EBRSQ6 Sol_Quad          2846.763   0.061 -0.4446841128649569  0.0273521776821581 -0.8952697348517527
   5748  B2EBRP6  Patch             2846.763   0.000 -0.4452038792825813  0.0273521776821581 -0.8950113766024217
   5749  B2EBRSQ6 Sol_Quad          2846.825   0.061 -0.4366588258447147  0.0227726244197842 -0.8993389113059260
   5750  B2EBRP6  Patch             2846.825   0.000 -0.4371809563962272  0.0227726244197842 -0.8990852122805120
   5751  B2EBRSQ6 Sol_Quad          2846.886   0.061 -0.4285492043845092  0.0182767963876427 -0.9033335696934915
   5752  B2EBRP6  Patch             2846.886   0.000 -0.4290736558149607  0.0182767963876427 -0.9030845788736327
   5753  B2EBRSQ6 Sol_Quad          2846.948   0.061 -0.4203568130786682  0.0138655607810643 -0.9072529393297932
   5754  B2EBRP6  Patch             2846.948   0.000 -0.4208835416853455  0.0138655607810643 -0.9070087047887709
   5755  B2EBRSQ6 Sol_Quad          2847.009   0.061 -0.4120832324818641  0.0095397684680886 -0.9110962640274904
   5756  B2EBRP6  Patch             2847.009   0.000 -0.4126121941227046  0.0095397684680886 -0.9108568329209591
   5757  B2EBRSQ6 Sol_Quad          2847.071   0.061 -0.4037300588047367  0.0053002538269373 -0.9148628022424294
   5758  B2EBRP6  Patch             2847.071   0.000 -0.4042612089068288  0.0053002538269373 -0.9146282207993235
   5759  B2EBRSQ6 Sol_Quad          2847.132   0.061 -0.3952989036065132  0.0011478345866905 -0.9185518272167483