  Index  name     key                      s       l              spin.x              spin.y              spin.z
   5321  B2EBLP6  Patch             2791.951   0.000 -0.0000448551008825  0.9999999958767463 -0.0000789590217734
   5322  B2EBLSQ6 Sol_Quad          2792.012   0.061  0.0067416124289465  0.9999772690404104 -0.0001098377875216
   5323  B2EBLP6  Patch             2792.012   0.000  0.0067416750701317  0.9999772690404104 -0.0001059232290780
   5324  B2EBLSQ6 Sol_Quad          2792.074   0.061  0.0135272407720585  0.9999084820031192 -0.0002034092219357
   5325  B2EBLP6  Patch             2792.074   0.000  0.0135273566018961  0.9999084820031192 -0.0001955545498022
   5326  B2EBLSQ6 Sol_Quad          2792.135   0.061  0.0203110928926498  0.9997936437926578 -0.0003596349612105
   5327  B2EBLP6  Patch             2792.135   0.000  0.0203112982918720  0.9997936437926578 -0.0003478411961943
   5328  B2EBLSQ6 Sol_Quad          2792.197   0.061  0.0270922778288285  0.9996327694839693 -0.0005784944714127
   5329  B2EBLP6  Patch             2792.197   0.000  0.0270926091663947  0.9996327694839693 -0.0005627631516648
   5330  B2EBLSQ6 Sol_Quad          2792.258   0.061  0.0338699049693456  0.9994258801971747 -0.0008599589927422
   5331  B2EBLP6  Patch             2792.258   0.000  0.0338703985976658  0.9994258801971747 -0.0008402921735546
   5332  B2EBLSQ6 Sol_Quad          2792.320   0.061  0.0406430841705359  0.9991730030947938 -0.0012039915434452
   5333  B2EBLP6  Patch             2792.320   0.000  0.0406437764206966  0.9991730030947938 -0.0011803917969813
   5334  B2EBLSQ6 Sol_Quad          2792.381   0.061  0.0474109258731968  0.9988741713781810 -0.0016105469248173
   5335  B2EBLP6  Patch             2792.381   0.000  0.0474118530501896  0.9988741713781810 -0.0015830173397735
   5336  B2EBLSQ6 Sol_Quad          2792.443   0.061  0.0541725412193840  0.9985294242831626 -0.0020795717272827
   5337  B2EBLP6  Patch             2792.443   0.000  0.0541737395973381  0.9985294242831626 -0.0020481159084826
   5338  B2EBLSQ6 Sol_Quad          2792.504   0.061  0.0609270421691122  0.9981388070748837 -0.0026110043375547
   5339  B2EBLP6  Patch             2792.504   0.000  0.0609285479865302  0.9981388070748837 -0.0025756264054761
   5340  B2EBLSQ6 Sol_Quad          2792.566   0.061  0.0676735416169445  0.9977023710418653 -0.0032047749468731
   5341  B2EBLP6  Patch             2792.566   0.000  0.0676753910719442  0.9977023710418653 -0.0031654795371059
   5342  B2EBLSQ6 Sol_Quad          2792.627   0.061  0.0744111535084578  0.9972201734892686 -0.0038608055603240
   5343  B2EBLP6  Patch             2792.627   0.000  0.0744133827540182  0.9972201734892686 -0.0038175978229620
   5344  B2EBLSQ6 Sol_Quad          2792.689   0.061  0.0811389929565643  0.9966922777313711 -0.0045790100072310
   5345  B2EBLP6  Patch             2792.689   0.000  0.0811416380957784  0.9966922777313711 -0.0045318956061951
   5346  B2EBLSQ6 Sol_Quad          2792.750   0.061  0.0878561763576774  0.9961187530832547 -0.0053592939526279
   5347  B2EBLP6  Patch             2792.750   0.000  0.0878592734390109  0.9961187530832547 -0.0053082790649225
   5348  B2EBLSQ6 Sol_Quad          2792.812   0.061  0.0945618215077034  0.9954996748517033 -0.0062015549097940
   5349  B2EBLP6  Patch             2792.812   0.000  0.0945654065202619  0.9954996748517033 -0.0061466462246952
   5350  B2EBLSQ6 Sol_Quad          2792.873   0.061  0.1012550477178495  0.9948351243253148 -0.0071056822538717
   5351  B2EBLP6  Patch             2792.873   0.000  0.1012591565866521  0.9948351243253148 -0.0070468869720492
   5352  B2EBLSQ6 Sol_Quad          2792.935   0.061  0.1079349759302267  0.9941251887638298 -0.0080715572365476
   5353  B2EBLP5  Patch             2792.935   0.000  0.1079396445114892  0.9941251887638298 -0.0080088830691193
   5354  B2EBLSQ5 Sol_Quad          2792.996   0.061  0.1146007353534881  0.9933699552553584 -0.0090996402351955
   5355  B2EBLP5  Patch             2792.996   0.000  0.1146059997708927  0.9933699552553584 -0.0090330953988294
   5356  B2EBLSQ5 Sol_Quad          2793.058   0.061  0.1212514386710382  0.9925695285738779 -0.0101891887231484
   5357  B2EBLP5  Patch             2793.058   0.000  0.1212573346172660  0.9925695285738779 -0.0101187819498612
   5358  B2EBLSQ5 Sol_Quad          2793.119   0.061  0.1278862125849403  0.9917240138682721 -0.0113400594216255
   5359  B2EBLP5  Patch             2793.119   0.000  0.1278927756696246  0.9917240138682721 -0.0112657999505412
   5360  B2EBLSQ5 Sol_Quad          2793.181   0.061  0.1345041858939541  0.9908335222114670 -0.0125521009805765
   5361  B2EBLP5  Patch             2793.181   0.000  0.1345114516389929  0.9908335222114670 -0.0124739985567108
   5362  B2EBLSQ5 Sol_Quad          2793.242   0.061  0.1411044896082582  0.9898981705858578 -0.0138251540016345
   5363  B2EBLP5  Patch             2793.242   0.000  0.1411124934431409  0.9898981705858578 -0.0137432188746117
   5364  B2EBLSQ5 Sol_Quad          2793.303   0.061  0.1476862570638359  0.9889180818679459 -0.0151590510620639
   5365  B2EBLP5  Patch             2793.303   0.000  0.1476950343209833  0.9889180818679459 -0.0150732939847680
   5366  B2EBLSQ5 Sol_Quad          2793.365   0.061  0.1542486240364957  0.9878933848121917 -0.0165536167396798
   5367  B2EBLP5  Patch             2793.365   0.000  0.1542582099466150  0.9878933848121917 -0.0164640489668389
   5368  B2EBLSQ5 Sol_Quad          2793.426   0.061  0.1607907288555302  0.9868242140340848 -0.0180086676387738
   5369  B2EBLP5  Patch             2793.426   0.000  0.1608011585429843  0.9868242140340848 -0.0179153009254790
   5370  B2EBLSQ5 Sol_Quad          2793.488   0.061  0.1673117125169828  0.9857107099924307 -0.0195240124169864
   5371  B2EBLP5  Patch             2793.488   0.000  0.1673230209951760  0.9857107099924307 -0.0194268590171446
   5372  B2EBLSQ5 Sol_Quad          2793.549   0.061  0.1738107187965149  0.9845530189708570 -0.0210994518131670
   5373  B2EBLP5  Patch             2793.549   0.000  0.1738229409632942  0.9845530189708570 -0.0209985244778882
   5374  B2EBLSQ5 Sol_Quad          2793.611   0.061  0.1802868943618623  0.9833512930585421 -0.0227347786761790
   5375  B2EBLP5  Patch             2793.611   0.000  0.1803000649949355  0.9833512930585421 -0.0226300906520984
   5376  B2EBLSQ5 Sol_Quad          2793.672   0.061  0.1867393888848586  0.9821056901301652 -0.0244297779946686
   5377  B2EBLP5  Patch             2793.672   0.000  0.1867535426372296  0.9821056901301652 -0.0243213430222035
   5378  B2EBLSQ5 Sol_Quad          2793.734   0.061  0.1931673551530148  0.9808163738250868 -0.0261842269277674
   5379  B2EBLP5  Patch             2793.734   0.000  0.1931825265484373  0.9808163738250868 -0.0260720592393095
   5380  B2EBLSQ5 Sol_Quad          2793.795   0.061  0.1995699491806512  0.9794835135257520 -0.0279978948367445
   5381  B2EBLP5  Patch             2793.795   0.000  0.1995861726091000  0.9794835135257520 -0.0278820091547876
   5382  B2EBLSQ5 Sol_Quad          2793.857   0.061  0.2059463303195446  0.9781072843353302 -0.0298705433175800
   5383  B2EBLP5  Patch             2793.857   0.000  0.2059636400327059  0.9781072843353302 -0.0297509548527831
   5384  B2EBLSQ5 Sol_Quad          2793.918   0.061  0.2122956613691070  0.9766878670545875 -0.0318019262344667
   5385  B2EBLP4  Patch             2793.918   0.000  0.2123140914758908  0.9766878670545875 -0.0316786506836404
   5386  B2EBLSQ4 Sol_Quad          2793.980   0.061  0.2186171084058378  0.9752254678791523 -0.0337912224130478
   5387  B2EBLP4  Patch             2793.980   0.000  0.2186366925384730  0.9752254678791523 -0.0336642759573879
   5388  B2EBLSQ4 Sol_Quad          2794.041   0.061  0.2249098468132856  0.9737202594153439 -0.0358387668670326
   5389  B2EBLP4  Patch             2794.041   0.000  0.2249306187986688  0.9737202594153439 -0.0357081661664818
   5390  B2EBLSQ4 Sol_Quad          2794.103   0.061  0.2311730500634785  0.9721724393025263 -0.0379442905446190
   5391  B2EBLP4  Patch             2794.103   0.000  0.2311950435724199  0.9721724393025263 -0.0378100527390915
   5392  B2EBLSQ4 Sol_Quad          2794.164   0.061  0.2374058955070170  0.9705822107764357 -0.0401075167873548
   5393  B2EBLP4  Patch             2794.164   0.000  0.2374291440498228  0.9705822107764357 -0.0399696594944858
   5394  B2EBLSQ4 Sol_Quad          2794.226   0.061  0.2436075644809712  0.9689497826425121 -0.0423281613667374
   5395  B2EBLP4  Patch             2794.226   0.000  0.2436321014030473  0.9689497826425121 -0.0421867026795692
   5396  B2EBLSQ4 Sol_Quad          2794.287   0.061  0.2497772424162405  0.9672753692484938 -0.0446059325218068
   5397  B2EBLP4  Patch             2794.287   0.000  0.2498031008937183  0.9672753692484938 -0.0444608910064132
   5398  B2EBLSQ4 Sol_Quad          2794.349   0.061  0.2559141189443738  0.9655591904562804 -0.0469405309977285
   5399  B2EBLP4  Patch             2794.349   0.000  0.2559413319797578  0.9655591904562804 -0.0467919256907770
   5400  B2EBLSQ4 Sol_Quad          2794.410   0.061  0.2620173880038298  0.9638014716130694 -0.0493316500853605
   5401  B2EBLP4  Patch             2794.410   0.000  0.2620459884216689  0.9638014716130694 -0.0491795004916127
   5402  B2EBLSQ4 Sol_Quad          2794.472   0.061  0.2680862479456604  0.9620024435217646 -0.0517789756618032
   5403  B2EBLP4  Patch             2794.472   0.000  0.2681162683882419  0.9620024435217646 -0.0516233017515536
   5404  B2EBLSQ4 Sol_Quad          2794.533   0.061  0.2741199016386143  0.9601623424106640 -0.0542821862319202
   5405  B2EBLP4  Patch             2794.533   0.000  0.2741513745616828  0.9601623424106640 -0.0541230084383746
   5406  B2EBLSQ4 Sol_Quad          2794.595   0.061  0.2801175565736320  0.9582814099024363 -0.0568409529708280
   5407  B2EBLP4  Patch             2794.595   0.000  0.2801505142421323  0.9582814099024363 -0.0566782921874206
   5408  B2EBLSQ4 Sol_Quad          2794.656   0.061  0.2860784249677345  0.9563598929823732 -0.0594549397673511
   5409  B2EBLP4  Patch             2794.656   0.000  0.2861128994515803  0.9563598929823732 -0.0592888173450016
   5410  B2EBLSQ4 Sol_Quad          2794.718   0.061  0.2920017238672780  0.9543980439659435 -0.0621238032684319
   5411  B2EBLP4  Patch             2794.718   0.000  0.2920377470371457  0.9543980439659435 -0.0619542410127427
   5412  B2EBLSQ4 Sol_Quad          2794.779   0.061  0.2978866752505683  0.9523961204656352 -0.0648471929244921
   5413  B2EBLP4  Patch             2794.779   0.000  0.2979242787737177  0.9523961204656352 -0.0646742130928855
   5414  B2EBLSQ4 Sol_Quad          2794.840   0.061  0.3037325061298253  0.9503543853570973 -0.0676247510357420
   5415  B2EBLP4  Patch             2794.840   0.000  0.3037717214659471  0.9503543853570973 -0.0674483763345385
   5416  B2EBLSQ4 Sol_Quad          2794.902   0.061  0.3095384486524730  0.9482731067445875 -0.0704561127994258
   5417  B2EBLP3  Patch             2794.902   0.000  0.3095793070495588  0.9482731067445875 -0.0702763663808829
   5418  B2EBLSQ3 Sol_Quad          2794.963   0.061  0.3153037709217174  0.9461525978159229 -0.0733402596719052
   5419  B2EBLP3  Patch             2794.963   0.000  0.3153463030364700  0.9461525978159229 -0.0731571651133922
   5420  B2EBLSQ3 Sol_Quad          2795.025   0.061  0.3210276917495331  0.9439930994228876 -0.0762774499570701
   5421  B2EBLP3  Patch             2795.025   0.000  0.3210719283887680  0.9439930994228876 -0.0760910312895312
   5422  B2EBLSQ3 Sol_Quad          2795.086   0.061  0.3267094594397462  0.9417948951167132 -0.0792672987095178
   5423  B2EBLP3  Patch             2795.086   0.000  0.3267554311868855  0.9417948951167132 -0.0790775804004370
   5424  B2EBLSQ3 Sol_Quad          2795.148   0.061  0.3323483278274780  0.9395582735237531 -0.0823094140627841
   5425  B2EBLP3  Patch             2795.148   0.000  0.3323960650385313  0.9395582735237531 -0.0821164210129745
   5426  B2EBLSQ3 Sol_Quad          2795.209   0.061  0.3379435563771951  0.9372835283073624 -0.0854033972793291
   5427  B2EBLP3  Patch             2795.209   0.000  0.3379930891767684  0.9372835283073624 -0.0852071548196657
   5428  B2EBLSQ3 Sol_Quad          2795.271   0.061  0.3434944102800344  0.9349709581291369 -0.0885488428014213
   5429  B2EBLP3  Patch             2795.271   0.000  0.3435457685573690  0.9349709581291369 -0.0883493766895165
   5430  B2EBLSQ3 Sol_Quad          2795.332   0.061  0.3490001605503889  0.9326208666095240 -0.0917453383029299
   5431  B2EBLP3  Patch             2795.332   0.000  0.3490533739554306  0.9326208666095240 -0.0915426747197536
   5432  B2EBLSQ3 Sol_Quad          2795.394   0.061  0.3544600841217405  0.9302335622878066 -0.0949924647420046
   5433  B2EBLP3  Patch             2795.394   0.000  0.3545151820612388  0.9302335622878066 -0.0947866302884483
   5434  B2EBLSQ3 Sol_Quad          2795.455   0.061  0.3598734639417255  0.9278093585814725 -0.0982897964146568
   5435  B2EBLP3  Patch             2795.455   0.000  0.3599304755753646  0.9278093585814725 -0.0980808181080428
   5436  B2EBLSQ3 Sol_Quad          2795.517   0.061  0.3652395890664266  0.9253485737449663 -0.1016369010092260
   5437  B2EBLP3  Patch             2795.517   0.000  0.3652985433029869  0.9253485737449663 -0.1014248062797612
   5438  B2EBLSQ3 Sol_Quad          2795.578   0.061  0.3705577547538718  0.9228515308278397 -0.1050333396617306
   5439  B2EBLP3  Patch             2795.578   0.000  0.3706186802474251  0.9228515308278397 -0.1048181563489070
   5440  B2EBLSQ3 Sol_Quad          2795.640   0.061  0.3758272625567377  0.9203185576323006 -0.1084786670121079
   5441  B2EBLP3  Patch             2795.640   0.000  0.3758901877028735  0.9203185576323006 -0.1082604233610480
   5442  B2EBLSQ3 Sol_Quad          2795.701   0.061  0.3810474204142351  0.9177499866701705 -0.1119724312613233
   5443  B2EBLP3  Patch             2795.701   0.000  0.3811123733463210  0.9177499866701705 -0.1117511559190735
   5444  B2EBLSQ3 Sol_Quad          2795.763   0.061  0.3862175427431694  0.9151461551192513 -0.1155141742293623
   5445  B2EBLP3  Patch             2795.763   0.000  0.3862845513286446  0.9151461551192513 -0.1152898962411324
   5446  B2EBLSQ3 Sol_Quad          2795.824   0.061  0.3913369505281712  0.9125074047791144 -0.1191034314140815
   5447  B2EBLP3  Patch             2795.824   0.000  0.3914060423648750  0.9125074047791144 -0.1188761802194319
   5448  B2EBLSQ3 Sol_Quad          2795.886   0.061  0.3964049714110698  0.9098340820263144 -0.1227397320509290
   5449  B2EBLP2  Patch             2795.886   0.000  0.3964761738236036  0.9098340820263144 -0.1225095374799067
   5450  B2EBLSQ2 Sol_Quad          2795.947   0.061  0.4014208612081253  0.9071264543587687 -0.1264234471505433
   5451  B2EBLP2  Patch             2795.947   0.000  0.4014942017366444  0.9071264543587687 -0.1261903394652455
   5452  B2EBLSQ2 Sol_Quad          2796.009   0.061  0.4063840310323111  0.9043849595965370 -0.1301532334500744
   5453  B2EBLP2  Patch             2796.009   0.000  0.4064595364371003  0.9043849595965370 -0.1299172432547640
   5454  B2EBLSQ2 Sol_Quad          2796.070   0.061  0.4112938290807561  0.9016099577053660 -0.1339286016003597
   5455  B2EBLP2  Patch             2796.070   0.000  0.4113715258380676  0.9016099577053660 -0.1336897598778535
   5456  B2EBLSQ2 Sol_Quad          2796.132   0.061  0.4161496105506169  0.8988018130474920 -0.1377490562621792
   5457  B2EBLP2  Patch             2796.132   0.000  0.4162295248491913  0.8988018130474920 -0.1375073943697847
   5458  B2EBLSQ2 Sol_Quad          2796.193   0.061  0.4209507377234536  0.8959608943337550 -0.1416140961724759
   5459  B2EBLP2  Patch             2796.193   0.000  0.4210328954610790  0.8959608943337550 -0.1413696458378783
   5460  B2EBLSQ2 Sol_Quad          2796.255   0.061  0.4256965800486568  0.8930875745751308 -0.1455232142113299
   5461  B2EBLP2  Patch             2796.255   0.000  0.4257810068287667  0.8930875745751308 -0.1452760075284312
   5462  B2EBLSQ2 Sol_Quad          2796.316   0.061  0.4303865142259133  0.8901822310336818 -0.1494758974697027
   5463  B2EBLP2  Patch             2796.316   0.000  0.4304732353542238  0.8901822310336818 -0.1492259668944129
   5464  B2EBLSQ2 Sol_Quad          2796.378   0.061  0.4350199242867031  0.8872452451729391 -0.1534716273179184
   5465  B2EBLP2  Patch             2796.378   0.000  0.4351089647678901  0.8872452451729391 -0.1532190056638989
   5466  B2EBLSQ2 Sol_Quad          2796.439   0.061  0.4395962016748109  0.8842770026077192 -0.1575098794748898
   5467  B2EBLP2  Patch             2796.439   0.000  0.4396875862092275  0.8842770026077192 -0.1572545999092508
   5468  B2EBLSQ2 Sol_Quad          2796.500   0.061  0.4441147453258565  0.8812778930533711 -0.1615901240780781
   5469  B2EBLP2  Patch             2796.500   0.000  0.4442084983062903  0.8812778930533711 -0.1613322201170291
   5470  B2EBLSQ2 Sol_Quad          2796.562   0.061  0.4485749617458120  0.8782483102744759 -0.1657118257541663
   5471  B2EBLP2  Patch             2796.562   0.000  0.4486711072542847  0.8782483102744759 -0.1654513312586214
   5472  B2EBLSQ2 Sol_Quad          2796.623   0.061  0.4529762650885190  0.8751886520329903 -0.1698744436904534
   5473  B2EBLP2  Patch             2796.623   0.000  0.4530748268931261  0.8751886520329903 -0.1696113928615914
   5474  B2EBLSQ2 Sol_Quad          2796.685   0.061  0.4573180772321725  0.8720993200358491 -0.1740774317069459
   5475  B2EBLP2  Patch             2796.685   0.000  0.4574190787839659  0.8720993200358491 -0.1738118590817260
   5476  B2EBLSQ2 Sol_Quad          2796.746   0.061  0.4615998278547824  0.8689807198820225 -0.1783202383291485
   5477  B2EBLP2  Patch             2796.746   0.000  0.4617032922846944  0.8689807198820225 -0.1780521787757822
   5478  B2EBLSQ2 Sol_Quad          2796.808   0.061  0.4658209545085868  0.8658332610090479 -0.1826023068615333
   5479  B2EBLP2  Patch             2796.808   0.000  0.4659269046243976  0.8658332610090479 -0.1823317955749134
   5480  B2EBLSQ2 Sol_Quad          2796.869   0.061  0.4699809026934169  0.8626573566390249 -0.1869230754616920
   5481  B2EBLP1  Patch             2796.869   0.000  0.4700893609767643  0.8626573566390249 -0.1866501479587781
   5482  B2EBLSQ1 Sol_Quad          2796.931   0.061  0.4740791837362641  0.8594534840282269 -0.1912815629894996
   5483  B2EBLP1  Patch             2796.931   0.000  0.4741901720991663  0.8594534840282269 -0.1910062550711665
   5484  B2EBLSQ1 Sol_Quad          2796.992   0.061  0.4781152064851182  0.8562220080493128 -0.1956775977461434
   5485  B2EBLP1  Patch             2796.992   0.000  0.4782287467399951  0.8562220080493128 -0.1953999455565491
   5486  B2EBLSQ1 Sol_Quad          2797.054   0.061  0.4820884408325323  0.8529633531518782 -0.2001106029064142
   5487  B2EBLP1  Patch             2797.054   0.000  0.4822045544569580  0.8529633531518782 -0.1998306428976227
   5488  B2EBLSQ1 Sol_Quad          2797.115   0.061  0.4859983648987710  0.8496779473563578 -0.2045799968032410
   5489  B2EBLP1  Patch             2797.115   0.000  0.4861170730326605  0.8496779473563578 -0.2042977657304456
   5490  B2EBLSQ1 Sol_Quad          2797.177   0.061  0.4898444650998636  0.8463662221982922 -0.2090851930023415
   5491  B2EBLP1  Patch             2797.177   0.000  0.4899657885427035  0.8463662221982922 -0.2088007279190486
   5492  B2EBLSQ1 Sol_Quad          2797.238   0.061  0.4936262362145946  0.8430286126721849 -0.2136256003774618
   5493  B2EBLP1  Patch             2797.238   0.000  0.4937501954227173  0.8430286126721849 -0.2133389386306359
   5494  B2EBLSQ1 Sol_Quad          2797.300   0.061  0.4973431814504319  0.8396655571749518 -0.2182006231862036
   5495  B2EBLP1  Patch             2797.300   0.000  0.4974697965343335  0.8396655571749518 -0.2179118024113738
   5496  B2EBLSQ1 Sol_Quad          2797.361   0.061  0.5009948125083681  0.8362774974489795 -0.2228096611464233
   5497  B2EBLP1  Patch             2797.361   0.000  0.5011241032300714  0.8362774974489795 -0.2225187192627523
   5498  B2EBLSQ1 Sol_Quad          2797.423   0.061  0.5045806496466841  0.8328648785247992 -0.2274521095132104
   5499  B2EBLP1  Patch             2797.423   0.000  0.5047126354171455  0.8328648785247992 -0.2271590847185267
   5500  B2EBLSQ1 Sol_Quad          2797.484   0.061  0.5081002217436115  0.8294281486633813 -0.2321273591564270
   5501  B2EBLP1  Patch             2797.484   0.000  0.5082349216201733  0.8294281486633813 -0.2318322899222200
   5502  B2EBLSQ1 Sol_Quad          2797.546   0.061  0.5115530663588967  0.8259677592980665 -0.2368347966388157
   5503  B2EBLP1  Patch             2797.546   0.000  0.5116904990427850  0.8259677592980665 -0.2365377217051958
   5504  B2EBLSQ1 Sol_Quad          2797.607   0.061  0.5149387297942506  0.8224841649761405 -0.2415738042946559
   5505  B2EBLP1  Patch             2797.607   0.000  0.5150789136281179  0.8224841649761405 -0.2412747626652792
   5506  B2EBLSQ1 Sol_Quad          2797.669   0.061  0.5182567671526757  0.8189778233000562 -0.2463437603089768
   5507  B2EBLP1  Patch             2797.669   0.000  0.5183997201181908  0.8189778233000562 -0.2460427912459350
   5508  B2EBLSQ1 Sol_Quad          2797.730   0.061  0.5215067423966683  0.8154491948683233 -0.2511440387973120
   5509  B2EBLP1  Patch             2797.730   0.000  0.5216524821121515  0.8154491948683233 -0.2508411818159889
   5510  B2EBLSQ1 Sol_Quad          2797.792   0.061  0.5246882284052742  0.8118987432160671 -0.2559740098859886
   5511  B2EBLP1  Patch             2797.792   0.000  0.5248367721233798  0.8118987432160671 -0.2556693047498835
   5512  B2EBLSQ1 Sol_Quad          2797.853   0.061  0.5278008070300084  0.8083269347552656 -0.2608330397929598
   5513  LARC10   Drift             2798.747   0.894  0.5278008070300084  0.8083269347552656 -0.2608330397929598
   5514  QF6ELA   Quadrupole        2799.304   0.557  0.5278010986821454  0.8083273969915806 -0.2608310171408749
   5515  LPQSE    Drift             2799.476   0.172  0.5278010986821454  0.8083273969915806 -0.2608310171408749
   5516  MQF6E2   Monitor           2799.476   0.000  0.5278010986821454  0.8083273969915806 -0.2608310171408749
   5517  L0E      Drift             2800.199   0.723  0.5278010986821454  0.8083273969915806 -0.2608310171408749
   5518  B2EALP6  Patch             2800.199   0.000  0.5279524621130814  0.8083273969915806 -0.2605245036873854
   5519  B2EALSQ6 Sol_Quad          2800.260   0.061  0.5356362855854598  0.8015454186657595 -0.2657418133831236
   5520  B2EALP6  Patch             2800.260   0.000  0.5357904991658983  0.8015454186657595 -0.2654307495741530
   5521  B2EALSQ6 Sol_Quad          2800.322   0.061  0.5433386588162219  0.7946643410917218 -0.2707243742869410
   5522  B2EALP6  Patch             2800.322   0.000  0.5434957642389444  0.7946643410917218 -0.2704088372290968
   5523  B2EALSQ6 Sol_Quad          2800.383   0.061  0.5509063083002057  0.7876858710138298 -0.2757774611534252
   5524  B2EALP6  Patch             2800.383   0.000  0.5510663465390615  0.7876858710138298 -0.2754575290626147
   5525  B2EALSQ6 Sol_Quad          2800.445   0.061  0.5583373573956066  0.7806117394078168 -0.2808998177913242
   5526  B2EALP6  Patch             2800.445   0.000  0.5585003686953492  0.7806117394078168 -0.2805755699733452
   5527  B2EALSQ6 Sol_Quad          2800.506   0.061  0.5656299633579127  0.7734437010519057 -0.2860901708462943
   5528  B2EALP6  Patch             2800.506   0.000  0.5657959872242290  0.7734437010519057 -0.2857616876771546
   5529  B2EALSQ6 Sol_Quad          2800.568   0.061  0.5727823177960402  0.7661835340916876 -0.2913472301343752
   5530  B2EALP6  Patch             2800.568   0.000  0.5729513929857721  0.7661835340916876 -0.2910145930403488
   5531  B2EALSQ6 Sol_Quad          2800.629   0.061  0.5797926471196032  0.7588330395988565 -0.2966696889795261
   5532  B2EALP6  Patch             2800.629   0.000  0.5799648116311662  0.7588330395988565 -0.2963329804169482
   5533  B2EALSQ6 Sol_Quad          2800.691   0.061  0.5866592129771973  0.7513940411239042 -0.3020562245550811
   5534  B2EALP6  Patch             2800.691   0.000  0.5868345040411957  0.7513940411239042 -0.3017155279898897
   5535  B2EALSQ6 Sol_Quad          2800.752   0.061  0.5933803126855761  0.7438683842428830 -0.3075054982289837
   5536  B2EALP6  Patch             2800.752   0.000  0.5935587667556204  0.7438683842428830 -0.3071608981160112
   5537  B2EALSQ6 Sol_Quad          2800.813   0.061  0.5999542796496035  0.7362579360983530 -0.3130161559126361
   5538  B2EALP6  Patch             2800.813   0.000  0.6001359323933287  0.7362579360983530 -0.3126677376746572
   5539  B2EALSQ6 Sol_Quad          2800.875   0.061  0.6063794837728709  0.7285645849346134 -0.3185868284132384
   5540  B2EALP6  Patch             2800.875   0.000  0.6065643700631607  0.7285645849346134 -0.3182346784197796
   5541  B2EALSQ6 Sol_Quad          2800.936   0.061  0.6126543318588568  0.7207902396273591 -0.3242161317894542
   5542  B2EALP6  Patch             2800.936   0.000  0.6128424857652732  0.7207902396273591 -0.3238603373353703
   5543  B2EALSQ6 Sol_Quad          2800.998   0.061  0.6187772680025376  0.7129368292078654 -0.3299026677102743
   5544  B2EALP6  Patch             2800.998   0.000  0.6189687227829593  0.7129368292078654 -0.3295433169940971
   5545  B2EALSQ6 Sol_Quad          2801.059   0.061  0.6247467739723269  0.7050063023818346 -0.3356450238169301
   5546  B2EALP6  Patch             2801.059   0.000  0.6249415620647977  0.7050063023818346 -0.3352822059189959
   5547  B2EALSQ6 Sol_Quad          2801.121   0.061  0.6305613695822431  0.6970006270430460 -0.3414417740877213
   5548  B2EALP6  Patch             2801.121   0.000  0.6307595225970317  0.6970006270430460 -0.3410755789480818
   5549  B2EALSQ6 Sol_Quad          2801.182   0.061  0.6362196130542135  0.6889217897819206 -0.3472914792056169
   5550  B2EALP5  Patch             2801.182   0.000  0.6364211617660880  0.6889217897819206 -0.3469219976017397
   5551  B2EALSQ5 Sol_Quad          2801.244   0.061  0.6417204383826457  0.6807725068775414 -0.3531907032208746
   5552  B2EALP5  Patch             2801.244   0.000  0.6419254115714575  0.6807725068775414 -0.3528180265497863
   5553  B2EALSQ5 Sol_Quad          2801.305   0.061  0.6470621814365475  0.6725540757659551 -0.3591400124257679
   5554  B2EALP5  Patch             2801.305   0.000  0.6472706082112485  0.6725540757659551 -0.3587642330506828
   5555  B2EALSQ5 Sol_Quad          2801.367   0.061  0.6522435178191348  0.6642685343685504 -0.3651379297070904
   5556  B2EALP5  Patch             2801.367   0.000  0.6524554264312094  0.6642685343685504 -0.3647591407604872
   5557  B2EALSQ5 Sol_Quad          2801.428   0.061  0.6572631629196799  0.6559179372648505 -0.3711829659925735
   5558  B2EALP5  Patch             2801.428   0.000  0.6574785807561938  0.6559179372648505 -0.3708012613530956
   5559  B2EALSQ5 Sol_Quad          2801.490   0.061  0.6621198722321819  0.6475043551841281 -0.3772736206161611
   5560  B2EALP5  Patch             2801.490   0.000  0.6623388258090444  0.6475043551841281 -0.3768890948853315
   5561  B2EALSQ5 Sol_Quad          2801.551   0.061  0.6668124416642252  0.6390298744930213 -0.3834083816861981
   5562  B2EALP5  Patch             2801.551   0.000  0.6670349566196631  0.6390298744930213 -0.3830211301649548
   5563  B2EALSQ5 Sol_Quad          2801.613   0.061  0.6713397078359540  0.6304965966792799 -0.3895857264564281
   5564  B2EALP5  Patch             2801.613   0.000  0.6715658089242027  0.6304965966792799 -0.3891958451214865
   5565  B2EALSQ5 Sol_Quad          2801.674   0.061  0.6757005483690925  0.6219066378317691 -0.3958041216997281
   5566  B2EALP5  Patch             2801.674   0.000  0.6759302594543033  0.6219066378317691 -0.3954117071797745
   5567  B2EALSQ5 Sol_Quad          2801.736   0.061  0.6798938821659483  0.6132621281168655 -0.4020620240844557
   5568  B2EALP5  Patch             2801.736   0.000  0.6801272262163136  0.6132621281168655 -0.4016671736361799
   5569  B2EALSQ5 Sol_Quad          2801.797   0.061  0.6839186696783226  0.6045652112513731 -0.4083578805533418
   5570  B2EALP5  Patch             2801.797   0.000  0.6841556687604227  0.6045652112513731 -0.4079606920373122
   5571  B2EALSQ5 Sol_Quad          2801.859   0.061  0.6877739131662762  0.5958180439720939 -0.4146901287048161
   5572  B2EALP5  Patch             2801.859   0.000  0.6880145884396454  0.5958180439720939 -0.4142907005612059
   5573  B2EALSQ5 Sol_Quad          2801.920   0.061  0.6914586569466813  0.5870227955021926 -0.4210571971766832
   5574  B2EALP5  Patch             2801.920   0.000  0.6917030286585985  0.5870227955021926 -0.4206556284008509
   5575  B2EALSQ5 Sol_Quad          2801.982   0.061  0.6949719876315084  0.5781816470144804 -0.4274575060320441
   5576  B2EALP5  Patch             2801.982   0.000  0.6952200751120106  0.5781816470144804 -0.4270538961499764
   5577  B2EALSQ5 Sol_Quad          2802.043   0.061  0.6983130343557847  0.5692967910917639 -0.4338894671473816
   5578  B2EALP5  Patch             2802.043   0.000  0.6985648560129067  0.5692967910917639 -0.4334839161910037
   5579  B2EALSQ5 Sol_Quad          2802.105   0.061  0.7014809689951790  0.5603704311843951 -0.4403514846026995
   5580  B2EALP5  Patch             2802.105   0.000  0.7017365423104187  0.5603704311843951 -0.4399440930850586
   5581  B2EALSQ5 Sol_Quad          2802.166   0.061  0.7044750063731545  0.5514047810651532 -0.4468419550736437
   5582  B2EALP4  Patch             2802.166   0.000  0.7047343478971946  0.5514047810651532 -0.4464328239639288
   5583  B2EALSQ4 Sol_Quad          2802.228   0.061  0.7072942932663374  0.5424016002736312 -0.4533599968385806
   5584  B2EALP4  Patch             2802.228   0.000  0.7075574190379742  0.5424016002736312 -0.4529492276016444
   5585  B2EALSQ4 Sol_Quad          2802.289   0.061  0.7099382200163320  0.5333635765906577 -0.4599032712717588
   5586  B2EALP4  Patch             2802.289   0.000  0.7102051447165612  0.5333635765906577 -0.4594909657268044
   5587  B2EALSQ4 Sol_Quad          2802.351   0.061  0.7124061299040176  0.5242929502364693 -0.4664701581103770
   5588  B2EALP4  Patch             2802.351   0.000  0.7126768672731346  0.5242929502364693 -0.4660564184582068
   5589  B2EALSQ4 Sol_Quad          2802.412   0.061  0.7146974098182243  0.5151919695017253 -0.4730590311579048
   5590  B2EALP4  Patch             2802.412   0.000  0.7149719726523712  0.5151919695017253 -0.4726439599556004
   5591  B2EALSQ4 Sol_Quad          2802.473   0.061  0.7168114904127020  0.5060628901882710 -0.4796682586815766
   5592  B2EALP4  Patch             2802.473   0.000  0.7170898905606462  0.5060628901882710 -0.4792519588170877
   5593  B2EALSQ4 Sol_Quad          2802.535   0.061  0.7187478462523972  0.4969079750478509 -0.4862962038114066
   5594  B2EALP4  Patch             2802.535   0.000  0.7190300946125403  0.4969079750478509 -0.4858787784780543
   5595  B2EALSQ4 Sol_Quad          2802.596   0.061  0.7205059959489710  0.4877294932189186 -0.4929412249406603
   5596  B2EALP4  Patch             2802.596   0.000  0.7207921024665914  0.4877294932189186 -0.4925227776115621
   5597  B2EALSQ4 Sol_Quad          2802.658   0.061  0.7220855022855095  0.4785297196616451 -0.4996016761277237
   5598  B2EALP4  Patch             2802.658   0.000  0.7223754759502375  0.4785297196616451 -0.4991823105301462
   5599  B2EALSQ4 Sol_Quad          2802.719   0.061  0.7234859723303675  0.4693109345912792 -0.5062759074993035
   5600  B2EALP4  Patch             2802.719   0.000  0.7237798211738955  0.4693109345912792 -0.5058557275889485
   5601  B2EALSQ4 Sol_Quad          2802.781   0.061  0.7247070575400881  0.4600754229099774 -0.5129622656548855
   5602  B2EALP4  Patch             2802.781   0.000  0.7250047886341145  0.4600754229099774 -0.5125413755901164
   5603  B2EALSQ4 Sol_Quad          2802.842   0.061  0.7257484538513540  0.4508254736372342 -0.5196590940723860
   5604  B2EALP4  Patch             2802.842   0.000  0.7260500733057635  0.4508254736372342 -0.5192375981884009
   5605  B2EALSQ4 Sol_Quad          2802.904   0.061  0.7266099017619094  0.4415633793390513 -0.5263647335149131
   5606  B2EALP4  Patch             2802.904   0.000  0.7269154147231889  0.4415633793390513 -0.5259427362978707
   5607  B2EALSQ4 Sol_Quad          2802.965   0.061  0.7272911864004135  0.4322914355559588 -0.5330775224385736
   5608  B2EALP4  Patch             2802.965   0.000  0.7276005970503048  0.4322914355559588 -0.5326551284996784
   5609  B2EALSQ4 Sol_Quad          2803.027   0.061  0.7277921375851687  0.4230119402300351 -0.5397957974012328
   5610  B2EALP4  Patch             2803.027   0.000  0.7281054491395594  0.4230119402300351 -0.5393731114507864
   5611  B2EALSQ4 Sol_Quad          2803.088   0.061  0.7281126298716945  0.4137271931310471 -0.5465178934721452
   5612  B2EALP4  Patch             2803.088   0.000  0.7284298445797456  0.4137271931310471 -0.5460950202935693
   5613  B2EALSQ4 Sol_Quad          2803.150   0.061  0.7282525825890872  0.4044394952818304 -0.5532421446423830
   5614  B2EALP3  Patch             2803.150   0.000  0.7285737017325650  0.4044394952818304 -0.5528191890662679
   5615  B2EALSQ3 Sol_Quad          2803.211   0.061  0.7282120461101120  0.3951518984882025 -0.5599662427515553
   5616  B2EALP3  Patch             2803.211   0.000  0.7285370696306019  0.3951518984882025 -0.5595433095795401
   5617  B2EALSQ3 Sol_Quad          2803.273   0.061  0.7279909826599529  0.3858659694494012 -0.5666891412288310
   5618  B2EALP3  Patch             2803.273   0.000  0.7283199098913177  0.3858659694494012 -0.5662663352847108
   5619  B2EALSQ3 Sol_Quad          2803.334   0.061  0.7275894464928967  0.3765840102979731 -0.5734091737494759
   5620  B2EALP3  Patch             2803.334   0.000  0.7279222758014330  0.3765840102979731 -0.5729865998258238
   5621  B2EALSQ3 Sol_Quad          2803.396   0.061  0.7270075365867793  0.3673083221877426 -0.5801246747016097
   5622  B2EALP3  Patch             2803.396   0.000  0.7273442653716240  0.3673083221877426 -0.5797024375338078
   5623  B2EALSQ3 Sol_Quad          2803.457   0.061  0.7262453966188152  0.3580412047240042 -0.5868339795970948
   5624  B2EALP3  Patch             2803.457   0.000  0.7265860213125900  0.3580412047240042 -0.5864121838373791
   5625  B2EALSQ3 Sol_Quad          2803.519   0.061  0.7253032149303902  0.3487849553941175 -0.5935354254822232
   5626  B2EALP3  Patch             2803.519   0.000  0.7256477310000856  0.3487849553941175 -0.5931141756737489
   5627  B2EALSQ3 Sol_Quad          2803.580   0.061  0.7241812244808299  0.3395418689986542 -0.6002273513480928
   5628  B2EALP3  Patch             2803.580   0.000  0.7245296264289268  0.3395418689986542 -0.5998067518990268
   5629  B2EALSQ3 Sol_Quad          2803.642   0.061  0.7228797027901459  0.3303142370832294 -0.6069080985405906
   5630  B2EALP3  Patch             2803.642   0.000  0.7232319841559753  0.3303142370832294 -0.6064882536982360
   5631  B2EALSQ3 Sol_Quad          2803.703   0.061  0.7213989718707845  0.3211043473711632 -0.6135760111698595
   5632  B2EALP3  Patch             2803.703   0.000  0.7217551252321250  0.3211043473711632 -0.6131570249948214
   5633  B2EALSQ3 Sol_Quad          2803.765   0.061  0.7197393981483795  0.3119144831971100 -0.6202294365191718
   5634  B2EALP3  Patch             2803.765   0.000  0.7200994151232925  0.3119144831971100 -0.6198114128595673
   5635  B2EALSQ3 Sol_Quad          2803.826   0.061  0.7179013923715389  0.3027469229417931 -0.6268667254530930
   5636  B2EALP3  Patch             2803.826   0.000  0.7182652636204404  0.3027469229417931 -0.6264497679188149
   5637  B2EALSQ3 Sol_Quad          2803.888   0.061  0.7158854095106788  0.2936039394679881 -0.6334862328248395
   5638  B2EALP3  Patch             2803.888   0.000  0.7162531247386481  0.2936039394679881 -0.6330704447618777
   5639  B2EALSQ3 Sol_Quad          2803.949   0.061  0.7136919486459306  0.2844877995578937 -0.6400863178827393
   5640  B2EALP3  Patch             2803.949   0.000  0.7140634966052550  0.2844877995578937 -0.6396718023475677
   5641  B2EALSQ3 Sol_Quad          2804.011   0.061  0.7113215528441466  0.2754007633520237 -0.6466653446756790
   5642  B2EALP3  Patch             2804.011   0.000  0.7116969213371013  0.2754007633520237 -0.6462522044097139
   5643  B2EALSQ3 Sol_Quad          2804.072   0.061  0.7087748090250328  0.2663450837897633 -0.6532216824574579
   5644  B2EALP3  Patch             2804.072   0.000  0.7091539849068957  0.2663450837897633 -0.6528100198615934
   5645  B2EALSQ3 Sol_Quad          2804.133   0.061  0.7060523478164382  0.2573230060517261 -0.6597537060899302
   5646  B2EALP2  Patch             2804.133   0.000  0.7064353169987392  0.2573230060517261 -0.6593436231991582
   5647  B2EALSQ2 Sol_Quad          2804.195   0.061  0.7031549072547045  0.2483354969233212 -0.6662602024520706
   5648  B2EALP2  Patch             2804.195   0.000  0.7035416549444460  0.2483354969233212 -0.6658518008730443
   5649  B2EALSQ2 Sol_Quad          2804.256   0.061  0.7000831228042617  0.2393860319127839 -0.6727391388121275
   5650  B2EALP2  Patch             2804.256   0.000  0.7004736330280266  0.2393860319127839 -0.6723325197828582
   5651  B2EALSQ2 Sol_Quad          2804.318   0.061  0.6968377569331015  0.2304768304769541 -0.6791889068040927
   5652  B2EALP2  Patch             2804.318   0.000  0.6972320127834409  0.2304768304769541 -0.6787841711201332
   5653  B2EALSQ2 Sol_Quad          2804.379   0.061  0.6934196152265339  0.2216101021272726 -0.6856079053323573
   5654  B2EALP2  Patch             2804.379   0.000  0.6938175988661819  0.2216101021272726 -0.6852051533217646
   5655  B2EALSQ2 Sol_Quad          2804.441   0.061  0.6898295461877485  0.2127880458786664 -0.6919945409738000
   5656  B2EALP2  Patch             2804.441   0.000  0.6902312388540691  0.2127880458786664 -0.6915938724722134
   5657  B2EALSQ2 Sol_Quad          2804.502   0.061  0.6860684410275883  0.2040128497008054 -0.6983472283777798
   5658  B2EALP2  Patch             2804.502   0.000  0.6864738230372566  0.2040128497008054 -0.6979487427036213
   5659  B2EALSQ2 Sol_Quad          2804.564   0.061  0.6821372334435981  0.1952866899718772 -0.7046643906639082
   5660  B2EALP2  Patch             2804.564   0.000  0.6825462841975106  0.1952866899718772 -0.7042681865937109
   5661  B2EALSQ2 Sol_Quad          2804.625   0.061  0.6780368993883978  0.1866117309350110 -0.7109444598175032
   5662  B2EALP2  Patch             2804.625   0.000  0.6784495973768135  0.1866117309350110 -0.7105506355613745
   5663  B2EALSQ2 Sol_Quad          2804.687   0.061  0.6737684568274379  0.1779901241574920 -0.7171858770826207
   5664  B2EALP2  Patch             2804.687   0.000  0.6741847796353475  0.1779901241574920 -0.7167945302598457
   5665  B2EALSQ2 Sol_Quad          2804.748   0.061  0.6693329654862237  0.1694240079929090 -0.7233870933525360
   5666  B2EALP2  Patch             2804.748   0.000  0.6697528897989449  0.1694240079929090 -0.7229983209673280
   5667  B2EALSQ2 Sol_Quad          2804.810   0.061  0.6647315265870524  0.1609155070463749 -0.7295465695575909
   5668  B2EALP2  Patch             2804.810   0.000  0.6651550281960517  0.1609155070463749 -0.7291604679749936
   5669  B2EALSQ2 Sol_Quad          2804.871   0.061  0.6599652825753444  0.1524667316429568 -0.7356627770502961
   5670  B2EALP2  Patch             2804.871   0.000  0.6603923363842811  0.1524667316429568 -0.7352794419722466
   5671  B2EALSQ2 Sol_Quad          2804.933   0.061  0.6550354168356510  0.1440797772994548 -0.7417341979875790
   5672  B2EALP2  Patch             2804.933   0.000  0.6554659968666442  0.1440797772994548 -0.7413537244291339
   5673  B2EALSQ2 Sol_Quad          2804.994   0.061  0.6499431533973977  0.1357567241996748 -0.7477593257100925
   5674  B2EALP2  Patch             2804.994   0.000  0.6503772327975136  0.1357567241996748 -0.7473818079758258
   5675  B2EALSQ2 Sol_Quad          2805.056   0.061  0.6446897566304653  0.1274996366733208 -0.7537366651184711
   5676  B2EALP2  Patch             2805.056   0.000  0.6451273076784223  0.1274996366733208 -0.7533621967790480
   5677  B2EALSQ2 Sol_Quad          2805.117   0.061  0.6392765309306724  0.1193105626786582 -0.7596647330464528
   5678  B2EALP1  Patch             2805.117   0.000  0.6397175250437633  0.1193105626786582 -0.7592934069153867
   5679  B2EALSQ1 Sol_Quad          2805.179   0.061  0.6337044821353459  0.1111936371681972 -0.7655420330555804
   5680  B2EALP1  Patch             2805.179   0.000  0.6341488898617825  0.1111936371681972 -0.7651739413625944
   5681  B2EALSQ1 Sol_Quad          2805.240   0.061  0.6279753168568744  0.1031487871312307 -0.7713671817830050
   5682  B2EALP1  Patch             2805.240   0.000  0.6284231079413259  0.1031487871312307 -0.7710024157671049
   5683  B2EALSQ1 Sol_Quad          2805.302   0.061  0.6220904566263221  0.0951780081028951 -0.7771387331410076
   5684  B2EALP1  Patch             2805.302   0.000  0.6225415999735430  0.0951780081028951 -0.7767773832160263
   5685  B2EALSQ1 Sol_Quad          2805.363   0.061  0.6160513616605203  0.0872832772308133 -0.7828552543810759
   5686  B2EALP1  Patch             2805.363   0.000  0.6165058253430881  0.0872832772308133 -0.7824974101132079
   5687  B2EALSQ1 Sol_Quad          2805.425   0.061  0.6098595304986990  0.0794665527863648 -0.7885153264510142
   5688  B2EALP1  Patch             2805.425   0.000  0.6103172817649614  0.0794665527863648 -0.7881610765365616
   5689  B2EALSQ1 Sol_Quad          2805.486   0.061  0.6035164996294889  0.0717297736807726 -0.7941175443488612
   5690  B2EALP1  Patch             2805.486   0.000  0.6039775049117154  0.0717297736807726 -0.7937669765921955
   5691  B2EALSQ1 Sol_Quad          2805.548   0.061  0.5970238431083817  0.0640748589861381 -0.7996605174735069
   5692  B2EALP1  Patch             2805.548   0.000  0.5974880680311194  0.0640748589861381 -0.7993137187652536
   5693  B2EALSQ1 Sol_Quad          2805.609   0.061  0.5903831721657629  0.0565037074615442 -0.8051428699718977
   5694  B2EALP1  Patch             2805.609   0.000  0.5908505815543934  0.0565037074615442 -0.8047999262673475
   5695  B2EALSQ1 Sol_Quad          2805.671   0.061  0.5835961348056027  0.0490181970843453 -0.8105632410827389
   5696  B2EALP1  Patch             2805.671   0.000  0.5840666926950991  0.0490181970843453 -0.8102242373804934
   5697  B2EALSQ1 Sol_Quad          2805.732   0.061  0.5766644153949252  0.0416201845867547 -0.8159202854765825
   5698  B2EALP1  Patch             2805.732   0.000  0.5771380850388069  0.0416201845867547 -0.8155853057974362
   5699  B2EALSQ1 Sol_Quad          2805.793   0.061  0.5695897342441596  0.0343115049978589 -0.8212126735921971
   5700  B2EALP1  Patch             2805.793   0.000  0.5700664781236416  0.0343115049978589 -0.8208818009582649
   5701  B2EALSQ1 Sol_Quad          2805.855   0.061  0.5623738471784807  0.0270939711911557 -0.8264390919691319
   5702  B2EALP1  Patch             2805.855   0.000  0.5628536270118166  0.0270939711911557 -0.8261124083832243
   5703  B2EALSQ1 Sol_Quad          2805.916   0.061  0.5550185451002604  0.0199693734377478 -0.8315982435763617
   5704  B2EALP1  Patch             2805.916   0.000  0.5555013218522769  0.0199693734377478 -0.8312758300016143
   5705  B2EALSQ1 Sol_Quad          2805.978   0.061  0.5475256535427431  0.0129394789652839 -0.8366888481369256
   5706  B2EALP1  Patch             2805.978   0.000  0.5480113874345615  0.0129394789652839 -0.8363707844766878
   5707  B2EALSQ1 Sol_Quad          2806.039   0.061  0.5398970322150708  0.0060060315227758 -0.8417096424484529
   5708  B2EALP1  Patch             2806.039   0.000  0.5403856827340165  0.0060060315227758 -0.8413960075264408
   5709  B2EALSQ1 Sol_Quad          2806.101   0.061  0.5321345745387720 -0.0008292490486177 -0.8466593806994948