  Index  name     key                      s       l              spin.x              spin.y              spin.z
   1706  B2EALSQ1 Sol_Quad           210.275   0.061  0.5403705848252438  0.0059119479505090 -0.8414063702676911
   1707  B2EALP1  Patch              210.275   0.000  0.5398819282916827  0.0059119479505090 -0.8417199964213047
   1708  B2EALSQ1 Sol_Quad           210.337   0.061  0.5479972305890249  0.0128456225658912 -0.8363815069976441
   1709  B2EALP1  Patch              210.337   0.000  0.5475114904735253  0.0128456225658912 -0.8366995624358543
   1710  B2EALSQ1 Sol_Quad           210.398   0.061  0.5554881142318506  0.0198757505567578 -0.8312868996242782
   1711  B2EALP1  Patch              210.398   0.000  0.5550053310544470  0.0198757505567578 -0.8316093055281102
   1712  B2EALSQ1 Sol_Quad           210.460   0.061  0.5628413774351050  0.0270005882611331 -0.8261238115927314
   1713  B2EALP1  Patch              210.460   0.000  0.5623615909825221  0.0270005882611331 -0.8264504880639587
   1714  B2EALSQ1 Sol_Quad           210.521   0.061  0.5700551960231334  0.0342183685530136 -0.8208935233881398
   1715  B2EALP1  Patch              210.521   0.000  0.5695784453388850  0.0342183685530136 -0.8212243894691061
   1716  B2EALSQ1 Sol_Quad           210.583   0.061  0.5771277804164741  0.0415273012782345 -0.8155973322173745
   1717  B2EALP1  Patch              210.583   0.000  0.5766541037911482  0.0415273012782345 -0.8159323059110798
   1718  B2EALSQ1 Sol_Quad           210.644   0.061  0.5840573760765524  0.0489255736961194 -0.8102365516866515
   1719  B2EALP1  Patch              210.644   0.000  0.5835868110382831  0.0489255736961194 -0.8105755499770952
   1720  B2EALSQ1 Sol_Quad           210.706   0.061  0.5908422639417118  0.0564113509268149 -0.8048125114750900
   1721  B2EALP1  Patch              210.706   0.000  0.5903748472468403  0.0564113509268149 -0.8051554503478687
   1722  B2EALSQ1 Sol_Quad           210.767   0.061  0.5974807608544687  0.0639827764041734 -0.7993265570043177
   1723  B2EALP1  Patch              210.767   0.000  0.5970165284783961  0.0639827764041734 -0.7996733514674700
   1724  B2EALSQ1 Sol_Quad           210.829   0.061  0.6039712199798912  0.0716379723341067 -0.7937800491041949
   1725  B2EALP1  Patch              210.829   0.000  0.6035102071081261  0.0716379723341067 -0.7941306132092899
   1726  B2EALSQ1 Sol_Quad           210.890   0.061  0.6103120312149727  0.0793750401582625 -0.7881743636747692
   1727  B2EALP1  Patch              210.890   0.000  0.6098542722343739  0.0793750401582625 -0.7885286105382323
   1728  B2EALSQ1 Sol_Quad           210.952   0.061  0.6165016215889108  0.0871920610229347 -0.7825108913445331
   1729  B2EALP1  Patch              210.952   0.000  0.6160471500791292  0.0871920610229347 -0.7828687331692044
   1730  B2EALSQ1 Sol_Quad           211.013   0.061  0.6225384556541833  0.0950870962530809 -0.7767910371250824
   1731  B2EALP1  Patch              211.013   0.000  0.6220873043793043  0.0950870962530809 -0.7771523852220023
   1732  B2EALSQ1 Sol_Quad           211.075   0.061  0.6284210358683110  0.1030581878313265 -0.7710162200622770
   1733  B2EALP1  Patch              211.075   0.000  0.6279732367686982  0.1030581878313265 -0.7713809848726938
   1734  B2EALSQ1 Sol_Quad           211.136   0.061  0.6341479029662203  0.1111033588818417 -0.7651878728839849
   1735  B2EALP1  Patch              211.136   0.000  0.6337034871505652  0.1111033588818417 -0.7655559640015781
   1736  B2EALSQ1 Sol_Quad           211.198   0.061  0.6397176363230972  0.1192206141589711 -0.7593074416445206
   1737  B2EALP1  Patch              211.198   0.000  0.6392766340606747  0.1192206141589711 -0.7596787678378353
   1738  B2EALSQ2 Sol_Quad           211.259   0.061  0.6451286961118927  0.1274093906235604 -0.7533762755979917
   1739  B2EALP2  Patch              211.259   0.000  0.6446911368887881  0.1274093906235604 -0.7537507447412398
   1740  B2EALSQ2 Sol_Quad           211.320   0.061  0.6503798892002933  0.1356662048279041 -0.7473959329508056
   1741  B2EALP2  Patch              211.320   0.000  0.6499458015980154  0.1356662048279041 -0.7477734522251404
   1742  B2EALSQ2 Sol_Quad           211.382   0.061  0.6554699126074993  0.1439890089699148 -0.7413678971753341
   1743  B2EALP2  Patch              211.382   0.000  0.6550393243463932  0.1439890089699148 -0.7417483730050779
   1744  B2EALSQ2 Sol_Quad           211.443   0.061  0.6603975033469567  0.1523757388854795 -0.7352936636284908
   1745  B2EALP2  Patch              211.443   0.000  0.6599704412792964  0.1523757388854795 -0.7356770017043570
   1746  B2EALSQ2 Sol_Quad           211.505   0.061  0.6651614387406503  0.1608243145634106 -0.7291747391796251
   1747  B2EALP2  Patch              211.505   0.000  0.6647379288439473  0.1608243145634106 -0.7295608444821208
   1748  B2EALSQ2 Sol_Quad           211.566   0.061  0.6697605367233372  0.1693326406642475 -0.7230126418353530
   1749  B2EALP2  Patch              211.566   0.000  0.6693406040938666  0.1693326406642475 -0.7234014186583593
   1750  B2EALSQ2 Sol_Quad           211.628   0.061  0.6741936561366347  0.1778986070427541 -0.7168089003614292
   1751  B2EALP2  Patch              211.628   0.000  0.6737773249831810  0.1778986070427541 -0.7172002523359520
   1752  B2EALSQ2 Sol_Quad           211.689   0.061  0.6784596970128807  0.1865200892739973 -0.7105650539017565
   1753  B2EALP2  Patch              211.689   0.000  0.6780469906507046  0.1865200892739973 -0.7109588840198421
   1754  B2EALSQ2 Sol_Quad           211.751   0.061  0.6825576008486987  0.1951949491828583 -0.7042826515946320
   1755  B2EALP2  Patch              211.751   0.000  0.6821485416937271  0.1951949491828583 -0.7046788622334423
   1756  B2EALSQ2 Sol_Quad           211.812   0.061  0.6864863508681900  0.2039210353768399 -0.6979632521863236
   1757  B2EALP2  Patch              211.812   0.000  0.6860809604314299  0.2039210353768399 -0.6983617451323633
   1758  B2EALSQ2 Sol_Quad           211.874   0.061  0.6902449722756901  0.2126961837820402 -0.6916084236420803
   1759  B2EALP2  Patch              211.874   0.000  0.6898432711578686  0.2126961837820402 -0.6920091001155714
   1760  B2EALSQ2 Sol_Quad           211.935   0.061  0.6938325324980191  0.2215182181821461 -0.6852197427546777
   1761  B2EALP2  Patch              211.935   0.000  0.6934345403844505  0.2215182181821461 -0.6856225034340745
   1762  B2EALSQ2 Sol_Quad           211.997   0.061  0.6972481414161597  0.2303849507603110 -0.6787987947506051
   1763  B2EALP2  Patch              211.997   0.000  0.6968538770718410  0.2303849507603110 -0.6792035397972441
   1764  B2EALSQ2 Sol_Quad           212.058   0.061  0.7004909515863121  0.2392941826437814 -0.6723471728939906
   1765  B2EALP2  Patch              212.058   0.000  0.7001004328512493  0.2392941826437814 -0.6727538019768688
   1766  B2EALSQ2 Sol_Quad           212.120   0.061  0.7035601584502620  0.2482437044511348 -0.6658664780883728
   1767  B2EALP2  Patch              212.120   0.000  0.7031734022350267  0.2482437044511348 -0.6662748904090477
   1768  B2EALSQ2 Sol_Quad           212.181   0.061  0.7064550005350090  0.2572312968419776 -0.6593583184764318
   1769  B2EALP2  Patch              212.181   0.000  0.7060720228165276  0.2572312968419776 -0.6597684127940380
   1770  B2EALSQ3 Sol_Quad           212.243   0.061  0.7091748239968110  0.2662536454812454 -0.6528246818840659
   1771  B2EALP3  Patch              212.243   0.000  0.7087956395978823  0.2662536454812454 -0.6532363565777464
   1772  B2EALSQ3 Sol_Quad           212.304   0.061  0.7117189162461874  0.2753096171062011 -0.6462668171786181
   1773  B2EALP3  Patch              212.304   0.000  0.7113435392645714  0.2753096171062011 -0.6466799702135377
   1774  B2EALSQ3 Sol_Quad           212.366   0.061  0.7140866472161966  0.2843969664663989 -0.6396863494965584
   1775  B2EALP3  Patch              212.366   0.000  0.7137150908061185  0.2843969664663989 -0.6401008784717578
   1776  B2EALSQ3 Sol_Quad           212.427   0.061  0.7162774305370745  0.2935134405431740 -0.6330849095687778
   1777  B2EALP3  Patch              212.427   0.000  0.7159097069059689  0.2935134405431740 -0.6335007117425449
   1778  B2EALSQ3 Sol_Quad           212.489   0.061  0.7182907236811860  0.3026567791071877 -0.6264641333181129
   1779  B2EALP3  Patch              212.489   0.000  0.7179268440866751  0.3026567791071877 -0.6268811056334391
   1780  B2EALSQ3 Sol_Quad           212.550   0.061  0.7201260280971629  0.3118247152777947 -0.6198256614556382
   1781  B2EALP3  Patch              212.550   0.000  0.7197660028442683  0.3118247152777947 -0.6202437005657534
   1782  B2EALSQ3 Sol_Quad           212.612   0.061  0.7217828893331870  0.3210149760840895 -0.6131711390758381
   1783  B2EALP3  Patch              212.612   0.000  0.7214267277717774  0.3210149760840895 -0.6135901413698156
   1784  B2EALSQ3 Sol_Quad           212.673   0.061  0.7232608971493981  0.3302252830274991 -0.6065022152507347
   1785  B2EALP3  Patch              212.673   0.000  0.7229086076718720  0.3302252830274991 -0.6069220768791623
   1786  B2EALSQ3 Sol_Quad           212.735   0.061  0.7245596856193978  0.3394533526457826 -0.5998205426230827
   1787  B2EALP3  Patch              212.735   0.000  0.7242112756586031  0.3394533526457826 -0.6002411595237940
   1788  B2EALSQ3 Sol_Quad           212.796   0.061  0.7256789332208184  0.3486968970782910 -0.5931277769987326
   1789  B2EALP3  Patch              212.796   0.000  0.7253344092482078  0.3486968970782910 -0.5935490449225884
   1790  B2EALSQ3 Sol_Quad           212.858   0.061  0.7266183629149444  0.3579536246323590 -0.5864255769382456
   1791  B2EALP3  Patch              212.858   0.000  0.7262777304389684  0.3579536246323590 -0.5868473914749636
   1792  B2EALSQ3 Sol_Quad           212.919   0.061  0.7273777422153567  0.3672212403506775 -0.5797156033478759
   1793  B2EALP3  Patch              212.919   0.000  0.7270410057800943  0.3672212403506775 -0.5801378599519001
   1794  B2EALSQ3 Sol_Quad           212.980   0.061  0.7279568832455958  0.3764974465795146 -0.5729995190700035
   1795  B2EALP3  Patch              212.980   0.000  0.7276240464296228  0.3764974465795146 -0.5734221130864064
   1796  B2EALSQ3 Sol_Quad           213.042   0.061  0.7283556427858169  0.3857799435376412 -0.5662789884731249
   1797  B2EALP3  Patch              213.042   0.000  0.7280267082013118  0.3857799435376412 -0.5667018151635372
   1798  B2EALSQ3 Sol_Quad           213.103   0.061  0.7285739223084331  0.3950664298858189 -0.5595556770414989
   1799  B2EALP3  Patch              213.103   0.000  0.7282488916005221  0.3950664298858189 -0.5599786316100605
   1800  B2EALSQ3 Sol_Quad           213.165   0.061  0.7286116680027341  0.4043546032967117 -0.5528312509645448
   1801  B2EALP3  Patch              213.165   0.000  0.7282905418490742  0.4043546032967117 -0.5532542285838689
   1802  B2EALSQ4 Sol_Quad           213.226   0.061  0.7284691047739322  0.4136430570275521 -0.5461063859384530
   1803  B2EALP4  Patch              213.226   0.000  0.7281518834597628  0.4136430570275521 -0.5465292819116766
   1804  B2EALSQ4 Sol_Quad           213.288   0.061  0.7281460017033458  0.4229285746112019 -0.5393837418580205
   1805  B2EALP4  Patch              213.288   0.000  0.7278326839695369  0.4229285746112019 -0.5398064513536575
   1806  B2EALSQ4 Sol_Quad           213.349   0.061  0.7276424388035556  0.4322088555582679 -0.5326649851726853
   1807  B2EALP4  Patch              213.349   0.000  0.7273330224233002  0.4322088555582679 -0.5330874034054737
   1808  B2EALSQ4 Sol_Quad           213.411   0.061  0.7269585408311245  0.4414816005940913 -0.5259517812970615
   1809  B2EALP4  Patch              213.411   0.000  0.7266530226105657  0.4414816005940913 -0.5263738035538988
   1810  B2EALSQ4 Sol_Quad           213.472   0.061  0.7260944772561845  0.4507445122348913 -0.5192457941940297
   1811  B2EALP4  Patch              213.472   0.000  0.7257928530352512  0.4507445122348913 -0.5196673158599362
   1812  B2EALSQ4 Sol_Quad           213.534   0.061  0.7250504622207039  0.4599952953631471 -0.5125486859580318
   1813  B2EALP4  Patch              213.534   0.000  0.7247527268741881  0.4599952953631471 -0.5129696025420901
   1814  B2EALSQ4 Sol_Quad           213.595   0.061  0.7238267544854833  0.4692316578020822 -0.5058621163986409
   1815  B2EALP4  Patch              213.595   0.000  0.7235329019243595  0.4692316578020822 -0.5062823235599041
   1816  B2EALSQ4 Sol_Quad           213.657   0.061  0.7224236573658929  0.4784513108891295 -0.4991877426245076
   1817  B2EALP4  Patch              213.657   0.000  0.7221336805388786  0.4784513108891295 -0.4996071361978704
   1818  B2EALSQ4 Sol_Quad           213.718   0.061  0.7208415186563721  0.4876519700482536 -0.4925272186277861
   1819  B2EALP4  Patch              213.718   0.000  0.7205554095517303  0.4876519700482536 -0.4929456946498125
   1820  B2EALSQ4 Sol_Quad           213.780   0.061  0.7190807305437144  0.4968313553609982 -0.4858821948691487
   1821  B2EALP4  Patch              213.780   0.000  0.7187984801912961  0.4968313553609982 -0.4862996496038489
   1822  B2EALSQ4 Sol_Quad           213.841   0.061  0.7171417295091590  0.5059871921361324 -0.4792543178634853
   1823  B2EALP4  Patch              213.841   0.000  0.7168633279826876  0.5059871921361324 -0.4796706478280364
   1824  B2EALSQ4 Sol_Quad           213.903   0.061  0.7150249962193207  0.5151172114777665 -0.4726452297663863
   1825  B2EALP4  Patch              213.903   0.000  0.7147504326389151  0.5151172114777665 -0.4730603317567891
   1826  B2EALSQ4 Sol_Quad           213.964   0.061  0.7127310554059896  0.5242191508518113 -0.4660565679615077
   1827  B2EALP4  Patch              213.964   0.000  0.7124603179409280  0.5242191508518113 -0.4664703390781743
   1828  B2EALSQ4 Sol_Quad           214.026   0.061  0.7102604757348321  0.5332907546506477 -0.4594899646489159
   1829  B2EALP4  Patch              214.026   0.000  0.7099935516065545  0.5332907546506477 -0.4599023023221810
   1830  B2EALSQ4 Sol_Quad           214.087   0.061  0.7076138696630323  0.5423297747558851 -0.4529470464344909
   1831  B2EALP4  Patch              214.087   0.000  0.7073507451483813  0.5423297747558851 -0.4533578484500401
   1832  B2EALSQ4 Sol_Quad           214.149   0.061  0.7047918932859137  0.5513339710990673 -0.4464294339205014
   1833  B2EALP4  Patch              214.149   0.000  0.7045325537206130  0.5513339710990673 -0.4468385984447112
   1834  B2EALSQ5 Sol_Quad           214.210   0.061  0.7017951587067337  0.5603002532514826 -0.4399399747944075
   1835  B2EALP5  Patch              214.210   0.000  0.7015395877729118  0.5603002532514826 -0.4403474003485502
   1836  B2EALSQ5 Sol_Quad           214.272   0.061  0.6986245314800915  0.5692272617785525 -0.4334790519301971
   1837  B2EALP5  Patch              214.272   0.000  0.6983727126373589  0.5692272617785525 -0.4338846375381558
   1838  B2EALSQ5 Sol_Quad           214.333   0.061  0.6952807964999574  0.5781127832840461 -0.4270482687260853
   1839  B2EALP5  Patch              214.333   0.000  0.6950327122768015  0.5781127832840461 -0.4274519138671797
   1840  B2EALSQ5 Sol_Quad           214.395   0.061  0.6917647816315793  0.5869546146709513 -0.4206492210983834
   1841  B2EALP5  Patch              214.395   0.000  0.6915204136296736  0.5869546146709513 -0.4210508257323672
   1842  B2EALSQ5 Sol_Quad           214.456   0.061  0.6880773575058454  0.5957505636849331 -0.4142834970848410
   1843  B2EALP5  Patch              214.456   0.000  0.6878366864046174  0.5957505636849331 -0.4146829616767349
   1844  B2EALSQ5 Sol_Quad           214.518   0.061  0.6842194373030861  0.6044984494552752 -0.4079526764501056
   1845  B2EALP5  Patch              214.518   0.000  0.6839824428645137  0.6044984494552752 -0.4083499019949052
   1846  B2EALSQ5 Sol_Quad           214.579   0.061  0.6801919765263468  0.6131961030331857 -0.4016583302934038
   1847  B2EALP5  Patch              214.579   0.000  0.6799586375999825  0.6131961030331857 -0.4020532183406557
   1848  B2EALSQ5 Sol_Quad           214.640   0.061  0.6759959727641649  0.6218413679273163 -0.3954020206585985
   1849  B2EALP5  Patch              214.640   0.000  0.6757662672923873  0.6218413679273163 -0.3957944733368393
   1850  B2EALSQ5 Sol_Quad           214.702   0.061  0.6716324654429153  0.6304321006363665 -0.3891853001467012
   1851  B2EALP5  Patch              214.702   0.000  0.6714063704664047  0.6304321006363665 -0.3895752201877522
   1852  B2EALSQ5 Sol_Quad           214.763   0.061  0.6671025355687688  0.6389661711786294 -0.3830097115309618
   1853  B2EALP5  Patch              214.763   0.000  0.6668800272322067  0.6389661711786294 -0.3833970022940740
   1854  B2EALSQ5 Sol_Quad           214.825   0.061  0.6624073054593280  0.6474414636183535 -0.3768767873746334
   1855  B2EALP5  Patch              214.825   0.000  0.6621883590173188  0.6474414636183535 -0.3772613528704770
   1856  B2EALSQ5 Sol_Quad           214.886   0.061  0.6575479384650067  0.6558558765887811 -0.3707880496515090
   1857  B2EALP5  Patch              214.886   0.000  0.6573325282882194  0.6558558765887811 -0.3711697945660009
   1858  B2EALSQ5 Sol_Quad           214.948   0.061  0.6525256386801987  0.6642073238117217 -0.3647450093693653
   1859  B2EALP5  Patch              214.948   0.000  0.6523137382617277  0.6642073238117217 -0.3651238390873293
   1860  B2EALSQ5 Sol_Quad           215.009   0.061  0.6473416506443312  0.6724937346135411 -0.3587491661963731
   1861  B2EALP5  Patch              215.009   0.000  0.6471332326062735  0.6724937346135411 -0.3591249868250259
   1862  B2EALSQ5 Sol_Quad           215.071   0.061  0.6419972590328547  0.6807130544374252 -0.3528020080906025
   1863  B2EALP5  Patch              215.071   0.000  0.6417922951331029  0.6807130544374252 -0.3531747264828612
   1864  B2EALSQ5 Sol_Quad           215.132   0.061  0.6364937883382460  0.6888632453517810 -0.3469050109327174
   1865  B2EALP5  Patch              215.132   0.000  0.6362922494774947  0.6888632453517810 -0.3472745347103215
   1866  B2EALSQ6 Sol_Quad           215.194   0.061  0.6308324612480123  0.6969429103254821 -0.3410586248474163
   1867  B2EALP6  Patch              215.194   0.000  0.6306343180653832  0.6969429103254821 -0.3414248623419869
   1868  B2EALSQ6 Sol_Quad           215.255   0.061  0.6250148125044582  0.7049494148700508 -0.3352652779880111
   1869  B2EALP6  Patch              215.255   0.000  0.6248200342288991  0.7049494148700508 -0.3356281384219130
   1870  B2EALSQ6 Sol_Quad           215.317   0.061  0.6190422840015325  0.7128807731398059 -0.3295264085103741
   1871  B2EALP6  Patch              215.317   0.000  0.6188508390266778  0.7128807731398059 -0.3298858019429706
   1872  B2EALSQ6 Sol_Quad           215.378   0.061  0.6129163560671260  0.7207350179466707 -0.3238434411421596
   1873  B2EALP6  Patch              215.378   0.000  0.6127282119590880  0.7207350179466707 -0.3241992784921310
   1874  B2EALSQ6 Sol_Quad           215.440   0.061  0.6066385470965272  0.7285102012506414 -0.3182177868227227
   1875  B2EALP6  Patch              215.440   0.000  0.6064536706018953  0.7285102012506414 -0.3185699798901729
   1876  B2EALSQ6 Sol_Quad           215.501   0.061  0.6002104131763110  0.7362043946452815 -0.3126508423460312
   1877  B2EALP6  Patch              215.501   0.000  0.6000287702303592  0.7362043946452815 -0.3129993038343754
   1878  B2EALSQ6 Sol_Quad           215.563   0.061  0.5936335476987578  0.7438156898381129 -0.3071439900066821
   1879  B2EALP6  Patch              215.563   0.000  0.5934551034338575  0.7438156898381129 -0.3074886335443111
   1880  B2EALSQ6 Sol_Quad           215.624   0.061  0.5869095809668883  0.7513421991257768 -0.3016985972491395
   1881  B2EALP6  Patch              215.624   0.000  0.5867342997211250  0.7513421991257768 -0.3020393374108544
   1882  B2EALSQ6 Sol_Quad           215.686   0.061  0.5800401797902207  0.7587820558638492 -0.2963160163203198
   1883  B2EALP6  Patch              215.686   0.000  0.5798680251162120  0.7587820558638492 -0.2966527686485325
   1884  B2EALSQ6 Sol_Quad           215.747   0.061  0.5730270470713383  0.7661334149311931 -0.2909975839256311
   1885  B2EALP6  Patch              215.747   0.000  0.5728579817452523  0.7661334149311931 -0.2913302649513241
   1886  B2EALSQ6 Sol_Quad           215.809   0.061  0.5658719213833787  0.7733944531887318 -0.2857446208885999
   1887  B2EALP6  Patch              215.809   0.000  0.5657059074141497  0.7733944531887318 -0.2860731481520415
   1888  B2EALSQ6 Sol_Quad           215.870   0.061  0.5585765765385428  0.7805633699325296 -0.2805584318141919
   1889  B2EALP6  Patch              215.870   0.000  0.5584135751772829  0.7805633699325296 -0.2808827238854005
   1890  B2EALSQ6 Sol_Quad           215.932   0.061  0.5511428211477337  0.7876383873410742 -0.2754403047559547
   1891  B2EALP6  Patch              215.932   0.000  0.5509827928973375  0.7876383873410742 -0.2757602812549075
   1892  B2EALSQ6 Sol_Quad           215.993   0.061  0.5435724981714396  0.7946177509166520 -0.2703915108870946
   1893  B2EALP6  Patch              215.993   0.000  0.5434154027963800  0.7946177509166520 -0.2707070925036756
   1894  B2EALSQ6 Sol_Quad           216.055   0.061  0.5358674844619623  0.8014997299207125 -0.2654133041756141
   1895  B2EALP6  Patch              216.055   0.000  0.5357132809982751  0.8014997299207125 -0.2657244126892966
   1896  B2EALSQ6 Sol_Quad           216.116   0.061  0.5280296902971198  0.8082826178031192 -0.2605069210636217
   1897  B2EALP6  Patch              216.116   0.000  0.5278783370625743  0.8082826178031192 -0.2608134793628800
   1898  L0E      Drift              216.839   0.723  0.5278783370625743  0.8082826178031192 -0.2608134793628800
   1899  MQF6E2   Monitor            216.839   0.000  0.5278783370625743  0.8082826178031192 -0.2608134793628800
   1900  LPQSE    Drift              217.010   0.172  0.5278783370625743  0.8082826178031192 -0.2608134793628800
   1901  QF6ELA   Quadrupole         217.567   0.557  0.5278782718928364  0.8082826372561293 -0.2608135509778828
   1902  LARC10   Drift              218.462   0.894  0.5278782718928364  0.8082826372561293 -0.2608135509778828
   1903  B2EBLSQ1 Sol_Quad           218.523   0.061  0.5249142915870586  0.8118549949767070 -0.2556490829614130
   1904  B2EBLP1  Patch              218.523   0.000  0.5247657595977342  0.8118549949767070 -0.2559538331128643
   1905  B2EBLSQ1 Sol_Quad           218.585   0.061  0.5217300586248821  0.8154059943737539 -0.2508202748316224
   1906  B2EBLP1  Patch              218.585   0.000  0.5215843310360317  0.8154059943737539 -0.2511231768615330
   1907  B2EBLSQ1 Sol_Quad           218.646   0.061  0.5184773447866727  0.8189351690301465 -0.2460212020711034
   1908  B2EBLP1  Patch              218.646   0.000  0.5183344043438987  0.8189351690301465 -0.2463222162108095
   1909  B2EBLSQ1 Sol_Quad           218.708   0.061  0.5151565775519967  0.8224420554023557 -0.2412524945165259
   1910  B2EBLP1  Patch              218.708   0.000  0.5150164066351123  0.8224420554023557 -0.2415515812454751
   1911  B2EBLSQ1 Sol_Quad           218.769   0.061  0.5117681933196785  0.8259261928804543 -0.2365147780167129
   1912  B2EBLP1  Patch              218.769   0.000  0.5116307739450225  0.8259261928804543 -0.2368118980676437
   1913  B2EBLSQ1 Sol_Quad           218.831   0.061  0.5083126373505771  0.8293871238478022 -0.2318086743526983
   1914  B2EBLP1  Patch              218.831   0.000  0.5081779511733738  0.8293871238478022 -0.2321037887167866
   1915  B2EBLSQ1 Sol_Quad           218.892   0.061  0.5047903637092312  0.8328243937403839 -0.2271348011583618
   1916  B2EBLP1  Patch              218.892   0.000  0.5046583920259974  0.8328243937403839 -0.2274278710903334
   1917  B2EBLSQ1 Sol_Quad           218.953   0.061  0.5012018352043823  0.8362375511058021 -0.2224937718416301
   1918  B2EBLP1  Patch              218.953   0.000  0.5010725589553789  0.8362375511058021 -0.2227847588648389
   1919  B2EBLSQ1 Sol_Quad           219.015   0.061  0.4975475233283820  0.8396261476619129 -0.2178861955062632
   1920  B2EBLP1  Patch              219.015   0.000  0.4974209231001128  0.8396261476619129 -0.2181750614177342
   1921  B2EBLSQ1 Sol_Quad           219.076   0.061  0.4938279081954974  0.8429897383550976 -0.2133126768742263
   1922  B2EBLP1  Patch              219.076   0.000  0.4937039642232511  0.8429897383550976 -0.2135993837496622
   1923  B2EBLSQ1 Sol_Quad           219.138   0.061  0.4900434784791151  0.8463278814181573 -0.2087738162086597
   1924  B2EBLP1  Patch              219.138   0.000  0.4899221706495533  0.8463278814181573 -0.2090583264074122
   1925  B2EBLSQ1 Sol_Quad           219.199   0.061  0.4861947313478632  0.8496401384278249 -0.2042702092374476
   1926  B2EBLP1  Patch              219.199   0.000  0.4860760392016524  0.8496401384278249 -0.2045524854074503
   1927  B2EBLSQ1 Sol_Quad           219.261   0.061  0.4822821724006500  0.8529260743618864 -0.1998024470773989
   1928  B2EBLP1  Patch              219.261   0.000  0.4821660751351373  0.8529260743618864 -0.2000824521600637
   1929  B2EBLSQ1 Sol_Quad           219.322   0.061  0.4783063156006350  0.8561852576559008 -0.1953711161590421
   1930  B2EBLP1  Patch              219.322   0.000  0.4781927920725683  0.8561852576559008 -0.1956488133941162
   1931  B2EBLSQ1 Sol_Quad           219.384   0.061  0.4742676832081374  0.8594172602595107 -0.1909767981520457
   1932  B2EBLP1  Patch              219.384   0.000  0.4741567119364277  0.8594172602595107 -0.1912521510824308
   1933  B2EBLSQ1 Sol_Quad           219.445   0.061  0.4701668057124920  0.8626216576923369 -0.1866200698912687
   1934  B2EBLP1  Patch              219.445   0.000  0.4700583648810200  0.8626216576923369 -0.1868930423677994
   1935  B2EBLSQ2 Sol_Quad           219.507   0.061  0.4660042504640716  0.8657981286427934 -0.1823009571780719
   1936  B2EBLP2  Patch              219.507   0.000  0.4658983182416408  0.8657981286427934 -0.1825715133810124
   1937  B2EBLSQ2 Sol_Quad           219.568   0.061  0.4617805267736284  0.8689461534479288 -0.1780205816772421
   1938  B2EBLP2  Patch              219.568   0.000  0.4616770806776578  0.8689461534479288 -0.1782886860824006
   1939  B2EBLSQ2 Sol_Quad           219.630   0.061  0.4574961896048899  0.8720653187734815 -0.1737795048027757
   1940  B2EBLP2  Patch              219.630   0.000  0.4573952068267181  0.8720653187734815 -0.1740451222081073
   1941  B2EBLSQ2 Sol_Quad           219.691   0.061  0.4531518018649190  0.8751552150684377 -0.1695782828226503
   1942  B2EBLP2  Patch              219.691   0.000  0.4530532592727910  0.8751552150684377 -0.1698413783528702
   1943  B2EBLSQ2 Sol_Quad           219.753   0.061  0.4487479343305312  0.8782154366193422 -0.1654174667849940
   1944  B2EBLP2  Patch              219.753   0.000  0.4486518084726275  0.8782154366193422 -0.1656780058961479
   1945  B2EBLSQ2 Sol_Quad           219.814   0.061  0.4442851655736661  0.8812455816040614 -0.1612976024449355
   1946  B2EBLP2  Patch              219.814   0.000  0.4441914326811755  0.8812455816040614 -0.1615555509289269
   1947  B2EBLSQ2 Sol_Quad           219.876   0.061  0.4397640818857201  0.8842452521450074 -0.1572192301921310
   1948  B2EBLP2  Patch              219.876   0.000  0.4396727178759531  0.8842452521450074 -0.1574745541812044
   1949  B2EBLSQ2 Sol_Quad           219.937   0.061  0.4351852772008600  0.8872140543618035 -0.1531828849789864
   1950  B2EBLP2  Patch              219.937   0.000  0.4350962576804054  0.8872140543618035 -0.1534355509501659
   1951  B2EBLSQ2 Sol_Quad           219.999   0.061  0.4305493530183154  0.8901515984233975 -0.1491890962495717
   1952  B2EBLP2  Patch              219.999   0.000  0.4304626532862369  0.8901515984233975 -0.1494390710290548
   1953  B2EBLSQ2 Sol_Quad           220.060   0.061  0.4258569183236759  0.8930574985996074 -0.1452383878692462
   1954  B2EBLP2  Patch              220.060   0.000  0.4257725133747506  0.8930574985996074 -0.1454856386367516
   1955  B2EBLSQ2 Sol_Quad           220.122   0.061  0.4211085895091911  0.8959313733121004 -0.1413312780549889
   1956  B2EBLP2  Patch              220.122   0.000  0.4210264540371873  0.8959313733121004 -0.1415757723480580
   1957  B2EBLSQ2 Sol_Quad           220.183   0.061  0.4163049902930933  0.8987728451847959 -0.1374682793064546
   1958  B2EBLP2  Patch              220.183   0.000  0.4162250986940900  0.8987728451847959 -0.1377099850247068
   1959  B2EBLSQ2 Sol_Quad           220.245   0.061  0.4114467516379505  0.9015815410936882 -0.1336498983377543
   1960  B2EBLP2  Patch              220.245   0.000  0.4113690780136948  0.9015815410936882 -0.1338887837470939
   1961  B2EBLSQ2 Sol_Quad           220.306   0.061  0.4065345116680584  0.9043570922160842 -0.1298766360099685
   1962  B2EBLP2  Patch              220.306   0.000  0.4064590298293632  0.9043570922160842 -0.1301126697467445
   1963  B2EBLSQ2 Sol_Quad           220.368   0.061  0.4015689155858887  0.9070991340792479 -0.1261489872644052
   1964  B2EBLP2  Patch              220.368   0.000  0.4014955990560689  0.9070991340792479 -0.1263821383395219
   1965  B2EBLSQ2 Sol_Quad           220.429   0.061  0.3965506155876017  0.9098073066084509 -0.1224674410566063
   1966  B2EBLP2  Patch              220.429   0.000  0.3964794376059484  0.9098073066084509 -0.1226976788595858
   1967  B2EBLSQ3 Sol_Quad           220.491   0.061  0.3914802475748006  0.9124811730112281 -0.1188331799574854
   1968  B2EBLP3  Patch              220.491   0.000  0.3914111806938341  0.9124811730112281 -0.1190604742468886
   1969  B2EBLSQ3 Sol_Quad           220.552   0.061  0.3863585075999806  0.9151204649938656 -0.1152459897545614
   1970  B2EBLP3  Patch              220.552   0.000  0.3862915244964870  0.9151204649938656 -0.1154703106931507
   1971  B2EBLSQ3 Sol_Quad           220.613   0.061  0.3811860683155244  0.9177248360498349 -0.1117063409992324
   1972  B2EBLP3  Patch              220.613   0.000  0.3811211413929491  0.9177248360498349 -0.1119276591402687
   1973  B2EBLSQ3 Sol_Quad           220.675   0.061  0.3759636090266048  0.9202939442520579 -0.1082146979881236
   1974  B2EBLP3  Patch              220.675   0.000  0.3759007104186832  0.9202939442520579 -0.1084329842792303
   1975  B2EBLSQ3 Sol_Quad           220.736   0.061  0.3706918156019373  0.9228274522977605 -0.1047715187030493
   1976  B2EBLP3  Patch              220.736   0.000  0.3706309171763607  0.9228274522977605 -0.1049867444900246
   1977  B2EBLSQ3 Sol_Quad           220.798   0.061  0.3653713803836817  0.9253250275527426 -0.1013772547518334
   1978  B2EBLP3  Patch              220.798   0.000  0.3653124537457971  0.9253250275527426 -0.1015893917824102
   1979  B2EBLSQ3 Sol_Quad           220.859   0.061  0.3600030020964967  0.9277863420950553 -0.0980323513099893
   1980  B2EBLP3  Patch              220.859   0.000  0.3599460185930404  0.9277863420950553 -0.0982413717375422
   1981  B2EBLSQ3 Sol_Quad           220.921   0.061  0.3545873857557634  0.9302110727580823 -0.0947372470632814
   1982  B2EBLP3  Patch              220.921   0.000  0.3545323164786287  0.9302110727580823 -0.0949431234504807
   1983  B2EBLSQ3 Sol_Quad           220.982   0.061  0.3491252425749924  0.9325989011730165 -0.0914923741511434
   1984  B2EBLP3  Patch              220.982   0.000  0.3490720583650295  0.9325989011730165 -0.0916950794735549
   1985  B2EBLSQ3 Sol_Quad           221.044   0.061  0.3436172898724161  0.9349495138107289 -0.0882981581109996
   1986  B2EBLP3  Patch              221.044   0.000  0.3435659613232644  0.9349495138107289 -0.0884976657606309
   1987  B2EBLSQ3 Sol_Quad           221.105   0.061  0.3380642509767956  0.9372626020230205 -0.0851550178234520
   1988  B2EBLP3  Patch              221.105   0.000  0.3380147484387481  0.9372626020230205 -0.0853513016122431
   1989  B2EBLSQ3 Sol_Quad           221.167   0.061  0.3324668551324362  0.9395378620832533 -0.0820633654583730
   1990  B2EBLP3  Patch              221.167   0.000  0.3324191487163353  0.9395378620832533 -0.0822563996216326
   1991  B2EBLSQ3 Sol_Quad           221.228   0.061  0.3268258374034402  0.9417749952263519 -0.0790236064218871
   1992  B2EBLP3  Patch              221.228   0.000  0.3267798969846040  0.9417749952263519 -0.0792133656216732
   1993  B2EBLSQ3 Sol_Quad           221.290   0.061  0.3211419385771990  0.9439737076881745 -0.0760361393042554
   1994  B2EBLP3  Patch              221.290   0.000  0.3210977337993777  0.9439737076881745 -0.0762225986326993
   1995  B2EBLSQ3 Sol_Quad           221.351   0.061  0.3154159050671423  0.9461337107442390 -0.0731013558286630
   1996  B2EBLP3  Patch              221.351   0.000  0.3153734053465050  0.9461337107442390 -0.0732844908112374
   1997  B2EBLSQ3 Sol_Quad           221.413   0.061  0.3096484888147537  0.9482547207478090 -0.0702196408009219
   1998  B2EBLP3  Patch              221.413   0.000  0.3096076633439040  0.9482547207478090 -0.0703994273996522
   1999  B2EBLSQ4 Sol_Quad           221.474   0.061  0.3038404486560440  0.9503365034895966 -0.0673907404295104
   2000  B2EBLP4  Patch              221.474   0.000  0.3038012667748183  0.9503365034895966 -0.0675671550471043
   2001  B2EBLSQ4 Sol_Quad           221.536   0.061  0.2979925397210738  0.9523787390516808 -0.0646156612044695
   2002  B2EBLP4  Patch              221.536   0.000  0.2979549701847679  0.9523787390516808 -0.0647886806818955
   2003  B2EBLSQ4 Sol_Quad           221.597   0.061  0.2921055300557908  0.9543811592116707 -0.0618947675703612
   2004  B2EBLP4  Patch              221.597   0.000  0.2920695414079506  0.9543811592116707 -0.0620643691945141
   2005  B2EBLSQ4 Sol_Quad           221.659   0.061  0.2861801928368619  0.9563435009780157 -0.0592284168701542
   2006  B2EBLP4  Patch              221.659   0.000  0.2861457534134108  0.9563435009780157 -0.0593945783768164
   2007  B2EBLSQ4 Sol_Quad           221.720   0.061  0.2802173062703864  0.9582655066245533 -0.0566169592978361
   2008  B2EBLP4  Patch              221.720   0.000  0.2801843842037750  0.9582655066245533 -0.0567796588745988
   2009  B2EBLSQ4 Sol_Quad           221.782   0.061  0.2742176534899387  0.9601469237243587 -0.0540607378519657
   2010  B2EBLP4  Patch              221.782   0.000  0.2741862167133223  0.9601469237243587 -0.0542199541410914
   2011  B2EBLSQ4 Sol_Quad           221.843   0.061  0.2681820224539652  0.9619875051828843 -0.0515600882901480
   2012  B2EBLP4  Patch              221.843   0.000  0.2681520387054079  0.9619875051828843 -0.0517158003913734
   2013  B2EBLSQ4 Sol_Quad           221.905   0.061  0.2621112058425437  0.9637870092703905 -0.0491153390844535
   2014  B2EBLP4  Patch              221.905   0.000  0.2620826426692471  0.9637870092703905 -0.0492675265577323
   2015  B2EBLSQ4 Sol_Quad           221.966   0.061  0.2560060009535241  0.9655451996536609 -0.0467268113777705
   2016  B2EBLP4  Patch              221.966   0.000  0.2559788257160830  0.9655451996536609 -0.0468754542459560
   2017  B2EBLSQ4 Sol_Quad           222.028   0.061  0.2498672095980535  0.9672618454270004 -0.0443948189411079
   2018  B2EBLP4  Patch              222.028   0.000  0.2498413894747352  0.9672618454270004 -0.0445398976925746
   2019  B2EBLSQ4 Sol_Quad           222.089   0.061  0.2436956379955172  0.9689367211425106 -0.0421196681318476
   2020  B2EBLP4  Patch              222.089   0.000  0.2436711399865658  0.9689367211425106 -0.0422611637230525
   2021  B2EBLSQ4 Sol_Quad           222.150   0.061  0.2374920966678886  0.9705696068396408 -0.0399016578529563
   2022  B2EBLP4  Patch              222.150   0.000  0.2374688875998522  0.9705696068396408 -0.0400395517109383
   2023  B2EBLSQ4 Sol_Quad           222.212   0.061  0.2312574003335169  0.9721602880740110 -0.0377410795131658
   2024  B2EBLP4  Patch              222.212   0.000  0.2312354468635991  0.9721602880740110 -0.0378753535379837
   2025  B2EBLSQ4 Sol_Quad           222.273   0.061  0.2249923678003600  0.9737085559455025 -0.0356382169881144
   2026  B2EBLP4  Patch              222.273   0.000  0.2249716364207929  0.9737085559455025 -0.0357688535552227
   2027  B2EBLSQ4 Sol_Quad           222.335   0.061  0.2186978218586769  0.9752142071256144 -0.0335933465824762
   2028  B2EBLP4  Patch              222.335   0.000  0.2186782789011168  0.9752142071256144 -0.0337203285450387
   2029  B2EBLSQ4 Sol_Quad           222.396   0.061  0.2123745891731949  0.9766770438840822 -0.0316067369930567
   2030  B2EBLP4  Patch              222.396   0.000  0.2123562008131388  0.9766770438840822 -0.0317300476841975
   2031  B2EBLSQ5 Sol_Quad           222.458   0.061  0.2060234943241281  0.9780968600964014 -0.0296791518749734
   2032  B2EBLP5  Patch              222.458   0.000  0.2060062262935171  0.9780968600964014 -0.0297987751064704
   2033  B2EBLSQ5 Sol_Quad           222.519   0.061  0.1996453810103076  0.9794734844268633 -0.0278103424274098
   2034  B2EBLP5  Patch              222.519   0.000  0.1996291991854038  0.9794734844268633 -0.0279262625010055
   2035  B2EBLSQ5 Sol_Quad           222.581   0.061  0.1932410869180635  0.9808067360718828 -0.0260005538927025
   2036  B2EBLP5  Patch              222.581   0.000  0.1932259570325888  0.9808067360718828 -0.0261127555964902
   2037  B2EBLSQ5 Sol_Quad           222.642   0.061  0.1868114531639042  0.9820964399253063 -0.0242500237693171
   2038  B2EBLP5  Patch              222.642   0.000  0.1867973408135347  0.9820964399253063 -0.0243584923797471
   2039  B2EBLSQ5 Sol_Quad           222.704   0.061  0.1803573241844595  0.9833424266011932 -0.0225589817829142
   2040  B2EBLP5  Patch              222.704   0.000  0.1803441948313376  0.9833424266011932 -0.0226637030667233
   2041  B2EBLSQ5 Sol_Quad           222.765   0.061  0.1738795476260086  0.9845445324558768 -0.0209276498584280
   2042  B2EBLP5  Patch              222.765   0.000  0.1738673666032727  0.9845445324558768 -0.0210286100745038
   2043  B2EBLSQ5 Sol_Quad           222.827   0.061  0.1673789742336161  0.9857025996092922 -0.0193562420931739
   2044  B2EBLP5  Patch              222.827   0.000  0.1673677067499447  0.9857025996092922 -0.0194534279943562
   2045  B2EBLSQ5 Sol_Quad           222.888   0.061  0.1608564577398733  0.9868164759655742 -0.0178449647309801
   2046  B2EBLP5  Patch              222.888   0.000  0.1608460688840448  0.9868164759655742 -0.0179383635657967
   2047  B2EBLSQ5 Sol_Quad           222.950   0.061  0.1543128547532750  0.9878860152329151 -0.0163940161373542
   2048  B2EBLP5  Patch              222.950   0.000  0.1543033094987417  0.9878860152329151 -0.0164836156516919
   2049  B2EBLSQ5 Sol_Quad           223.011   0.061  0.1477490246462403  0.9889110769426814 -0.0150035867756790
   2050  B2EBLP5  Patch              223.011   0.000  0.1477402878557166  0.9889110769426814 -0.0150893752143900
   2051  B2EBLSQ5 Sol_Quad           223.073   0.061  0.1411658294427913  0.9898915264677832 -0.0136738591844358
   2052  B2EBLP5  Patch              223.073   0.000  0.1411578658728547  0.9898915264677832 -0.0137558252928787
   2053  B2EBLSQ5 Sol_Quad           223.134   0.061  0.1345641337058975  0.9908272350402929 -0.0124050079554657
   2054  B2EBLP5  Patch              223.134   0.000  0.1345569080116022  0.9908272350402929 -0.0124831409809810
   2055  B2EBLSQ5 Sol_Quad           223.196   0.061  0.1279448044245210  0.9917180797683073 -0.0111971997132638
   2056  B2EBLP5  Patch              223.196   0.000  0.1279382811640242  0.9917180797683073 -0.0112714894065841
   2057  B2EBLSQ5 Sol_Quad           223.257   0.061  0.1213087109003525  0.9925639436520521 -0.0100505930953052
   2058  B2EBLP5  Patch              223.257   0.000  0.1213028545395513  0.9925639436520521 -0.0101210297118992
   2059  B2EBLSQ5 Sol_Quad           223.319   0.061  0.1146567246342692  0.9933647155992222 -0.0089653387334135
   2060  B2EBLP5  Patch              223.319   0.000  0.1146514995514491  0.9933647155992222 -0.0090319130347645
   2061  B2EBLSQ5 Sol_Quad           223.380   0.061  0.1079897192125197  0.9941202904395545 -0.0079415792361637
   2062  B2EBLP5  Patch              223.380   0.000  0.1079850897030126  0.9941202904395545 -0.0080042824909816
   2063  B2EBLSQ6 Sol_Quad           223.442   0.061  0.1013085771404801  0.9948305728147162 -0.0069787958060637
   2064  B2EBLP6  Patch              223.442   0.000  0.1013045078007107  0.9948305728147162 -0.0070376197955757
   2065  B2EBLSQ6 Sol_Quad           223.503   0.061  0.0946141632554498  0.9954954649988949 -0.0060777691707693
   2066  B2EBLP6  Patch              223.503   0.000  0.0946106182283649  0.9954954649988949 -0.0061327061782416
   2067  B2EBLSQ6 Sol_Quad           223.565   0.061  0.0879073567442722  0.9961148796783608 -0.0052386175264094
   2068  B2EBLP6  Patch              223.565   0.000  0.0879043001040394  0.9961148796783608 -0.0052896603455913
   2069  B2EBLSQ6 Sol_Quad           223.626   0.061  0.0811890384187327  0.9966887355117603 -0.0044614509520284
   2070  B2EBLP6  Patch              223.626   0.000  0.0811864341754533  0.9966887355117603 -0.0045085928880967
   2071  B2EBLSQ6 Sol_Quad           223.688   0.061  0.0744600906000681  0.9972169571408158 -0.0037463713949765
   2072  B2EBLP6  Patch              223.688   0.000  0.0744579027044986  0.9972169571408158 -0.0037896062654136
   2073  B2EBLSQ6 Sol_Quad           223.749   0.061  0.0677213970032843  0.9976994752002371 -0.0030934726573622
   2074  B2EBLP6  Patch              223.749   0.000  0.0677195893515658  0.9976994752002371 -0.0031327947927669
   2075  B2EBLSQ6 Sol_Quad           223.810   0.061  0.0609738426212783  0.9981362263268463 -0.0025028403835698
   2076  B2EBLP6  Patch              223.810   0.000  0.0609723790596729  0.9981362263268463 -0.0025382446284007
   2077  B2EBLSQ6 Sol_Quad           223.872   0.061  0.0542183136088050  0.9985271531679101 -0.0019745520488434
   2078  B2EBLP6  Patch              223.872   0.000  0.0542171579384392  0.9985271531679101 -0.0020060337620944
   2079  B2EBLSQ6 Sol_Quad           223.933   0.061  0.0474556971662782  0.9988722043886864 -0.0015086769489370
   2080  B2EBLP6  Patch              223.933   0.000  0.0474548131478921  0.9988722043886864 -0.0015362320047466
   2081  B2EBLSQ6 Sol_Quad           223.995   0.061  0.0406868814234413  0.9991713346791755 -0.0011052761908345
   2082  B2EBLP6  Patch              223.995   0.000  0.0406862327821433  0.9991713346791755 -0.0011289009790261
   2083  B2EBLSQ6 Sol_Quad           224.056   0.061  0.0339127553229099  0.9994245047600809 -0.0007644026845390
   2084  B2EBLP6  Patch              224.056   0.000  0.0339123057529362  0.9994245047600809 -0.0007840941110949
   2085  B2EBLSQ6 Sol_Quad           224.118   0.061  0.0271342085036092  0.9996316813879784 -0.0004861011359346
   2086  B2EBLP6  Patch              224.118   0.000  0.0271339216730874  0.9996316813879784 -0.0005018566234011
   2087  B2EBLSQ6 Sol_Quad           224.179   0.061  0.0203521311841174  0.9997928373596926 -0.0002704080407209
   2088  B2EBLP6  Patch              224.179   0.000  0.0203519707398337  0.9997928373596926 -0.0002822255285469
   2089  B2EBLSQ6 Sol_Quad           224.241   0.061  0.0135674140459318  0.9999079515158773 -0.0001173516794178
   2090  B2EBLP6  Patch              224.241   0.000  0.0135673436181010  0.9999079515158773 -0.0001252296242243
   2091  B2EBLSQ6 Sol_Quad           224.302   0.061  0.0067809481166708  0.9999770087438066 -0.0000269521134472
   2092  B2EBLP6  Patch              224.302   0.000  0.0067809313237088  0.9999770087438066 -0.0000308894892302
   2093  B2EBLSQ6 Sol_Quad           224.364   0.061 -0.0000063753467690  0.9999999999793681  0.0000007788177106
   2094  B2EBLP6  Patch              224.364   0.000 -0.0000063748934711  0.9999999999793681  0.0000007825194459