  Index  name     key                      s       l              spin.x              spin.y              spin.z
   1655  B2EBRP6  Patch              169.182   0.000 -0.3953276250245915  0.0012417865862456 -0.9185393442082334
   1656  B2EBRSQ6 Sol_Quad           169.244   0.061 -0.4042882831426455  0.0053952770928688 -0.9146156980386159
   1657  B2EBRP6  Patch              169.244   0.000 -0.4037571403073724  0.0053952770928688 -0.9148502952045789
   1658  B2EBRSQ6 Sol_Quad           169.305   0.061 -0.4126376178106681  0.0096358437244667 -0.9108443044139074
   1659  B2EBRP6  Patch              169.305   0.000 -0.4121086634402614  0.0096358437244667 -0.9110837502849006
   1660  B2EBRSQ6 Sol_Quad           169.367   0.061 -0.4209073031959084  0.0139626685086412 -0.9069961885280806
   1661  B2EBRP6  Patch              169.367   0.000 -0.4203805818528343  0.0139626685086412 -0.9072404368684138
   1662  B2EBRSQ6 Sol_Quad           169.428   0.061 -0.4290957425311141  0.0183749168178139 -0.9030720935637478
   1663  B2EBRP6  Patch              169.428   0.000 -0.4285712983465764  0.0183749168178139 -0.9033210972104374
   1664  B2EBRSQ6 Sol_Quad           169.490   0.061 -0.4372013547370415  0.0228717375304768 -0.8990727773870324
   1665  B2EBRP6  Patch              169.490   0.000 -0.4366792314024530  0.0228717375304768 -0.8993264882589079
   1666  B2EBRSQ6 Sol_Quad           169.551   0.061 -0.4452225747269335  0.0274522631956100 -0.8949990124011081
   1667  B2EBRP6  Patch              169.551   0.000 -0.4447028154854725  0.0274522631956100 -0.8952573815080961
   1668  B2EBRSQ6 Sol_Quad           169.613   0.061 -0.4531578537079119  0.0321156102002257 -0.8908515853969762
   1669  B2EBRP6  Patch              169.613   0.000 -0.4526405013461647  0.0321156102002257 -0.8911145628495586
   1670  B2EBRSQ6 Sol_Quad           169.674   0.061 -0.4610056594792473  0.0368608789400163 -0.8866312974015040
   1671  B2EBRP6  Patch              169.674   0.000 -0.4604907563189398  0.0368608789400163 -0.8868988324203504
   1672  B2EBRSQ6 Sol_Quad           169.736   0.061 -0.4687644767274334  0.0416871539930740 -0.8823389635227576
   1673  B2EBRP6  Patch              169.736   0.000 -0.4682520646172517  0.0416871539930740 -0.8826110044485282
   1674  B2EBRSQ6 Sol_Quad           169.797   0.061 -0.4764328073180104  0.0465935042966373 -0.8779754127926588
   1675  B2EBRP6  Patch              169.797   0.000 -0.4759229276255126  0.0465935042966373 -0.8782519070959772
   1676  B2EBRSQ6 Sol_Quad           169.859   0.061 -0.4840091705840991  0.0515789833268495 -0.8735414880069873
   1677  B2EBRP6  Patch              169.859   0.000 -0.4835018641877213  0.0515789833268495 -0.8738223822985810
   1678  B2EBRSQ6 Sol_Quad           169.920   0.061 -0.4914921036115663  0.0566426292814798 -0.8690380455627698
   1679  B2EBRP6  Patch              169.920   0.000 -0.4909874108927209  0.0566426292814798 -0.8693232856037757
   1680  B2EBRSQ6 Sol_Quad           169.982   0.061 -0.4988801615207864  0.0617834652655877 -0.8644659552930757
   1681  B2EBRP6  Patch              169.982   0.000 -0.4983781223560582  0.0617834652655877 -0.8647554860055100
   1682  B2EBRSQ6 Sol_Quad           170.043   0.061 -0.5061719177449339  0.0670004994800740 -0.8598261002992621
   1683  B2EBRP6  Patch              170.043   0.000 -0.5056725714983722  0.0670004994800740 -0.8601198657766511
   1684  B2EBRSQ6 Sol_Quad           170.105   0.061 -0.5133659643047617  0.0722927254131145 -0.8551193767806845
   1685  B2EBRP6  Patch              170.105   0.000 -0.5128693498202721  0.0722927254131145 -0.8554173202988559
   1686  B2EBRSQ6 Sol_Quad           170.166   0.061 -0.5204609120798065  0.0776591220344063 -0.8503466938619224
   1687  B2EBRP5  Patch              170.166   0.000 -0.5199670676736426  0.0776591220344063 -0.8506487578899529
   1688  B2EBRSQ5 Sol_Quad           170.228   0.061 -0.5274577248651299  0.0830978430799899 -0.8455075972193010
   1689  B2EBRP5  Patch              170.228   0.000 -0.5269666891171871  0.0830978430799899 -0.8458137247859746
   1690  B2EBRSQ5 Sol_Quad           170.289   0.061 -0.5343527445824021  0.0886086717500899 -0.8406043347782238
   1691  B2EBRP5  Patch              170.289   0.000 -0.5338645547679275  0.0886086717500899 -0.8409144667878705
   1692  B2EBRSQ5 Sol_Quad           170.351   0.061 -0.5411446362923443  0.0941905456266601 -0.8356378544121731
   1693  B2EBRP5  Patch              170.351   0.000 -0.5406593291364238  0.0941905456266601 -0.8359519309938257
   1694  B2EBRSQ5 Sol_Quad           170.412   0.061 -0.5478320849712358  0.0998423885554967 -0.8306091163258467
   1695  B2EBRP5  Patch              170.412   0.000 -0.5473496966416309  0.0998423885554967 -0.8309270768448034
   1696  B2EBRSQ5 Sol_Quad           170.473   0.061 -0.5544137957762907  0.1055631108507206 -0.8255190928624521
   1697  B2EBRP5  Patch              170.473   0.000 -0.5539343618763869  0.1055631108507206 -0.8258408759319924
   1698  B2EBRSQ5 Sol_Quad           170.535   0.061 -0.5608884943069695  0.1113516095020462 -0.8203687683081102
   1699  B2EBRP5  Patch              170.535   0.000 -0.5604120498688381  0.1113516095020462 -0.8206943118013627
   1700  B2EBRSQ5 Sol_Quad           170.596   0.061 -0.5672549268621526  0.1172067683848050 -0.8151591386934250
   1701  B2EBRP5  Patch              170.596   0.000 -0.5667815063397276  0.1172067683848050 -0.8154883797553844
   1702  B2EBRSQ5 Sol_Quad           170.658   0.061 -0.5735118606930750  0.1231274584726794 -0.8098912115922901
   1703  B2EBRP5  Patch              170.658   0.000 -0.5730414979554472  0.1231274584726794 -0.8102240866519815
   1704  B2EBRSQ5 Sol_Quad           170.719   0.061 -0.5796580842519513  0.1291125380531218 -0.8045660059179990
   1705  B2EBRP5  Patch              170.719   0.000 -0.5791908125767803  0.1291125380531218 -0.8049024507007869
   1706  B2EBRSQ5 Sol_Quad           170.781   0.061 -0.5856924074361913  0.1351608529454222 -0.7991845517167280
   1707  B2EBRP5  Patch              170.781   0.000 -0.5852282595032375  0.1351608529454222 -0.7995245012567659
   1708  B2EBRSQ5 Sol_Quad           170.842   0.061 -0.5916136618281421  0.1412712367213797 -0.7937478899584628
   1709  B2EBRP5  Patch              170.842   0.000 -0.5911526697129201  0.1412712367213797 -0.7940912786112830
   1710  B2EBRSQ5 Sol_Quad           170.904   0.061 -0.5974207009302657  0.1474425109285574 -0.7882570723254411
   1711  B2EBRP5  Patch              170.904   0.000 -0.5969628960978206  0.1474425109285574 -0.7886038337806811
   1712  B2EBRSQ5 Sol_Quad           170.965   0.061 -0.6031124003956813  0.1536734853160532 -0.7827131609981908
   1713  B2EBRP5  Patch              170.965   0.000 -0.6026578136944891  0.1536734853160532 -0.7830632282924531
   1714  B2EBRSQ5 Sol_Quad           171.027   0.061 -0.6086876582539968  0.1599629580627814 -0.7771172284392324
   1715  B2EBRP5  Patch              171.027   0.000 -0.6082363199099904  0.1599629580627814 -0.7774705339690761
   1716  B2EBRSQ5 Sol_Quad           171.088   0.061 -0.6141453951323612  0.1663097160081863 -0.7714703571745293
   1717  B2EBRP5  Patch              171.088   0.000 -0.6136973347430829  0.1663097160081863 -0.7718268327095893
   1718  B2EBRSQ5 Sol_Quad           171.150   0.061 -0.6194845544716623  0.1727125348853795 -0.7657736395727630
   1719  B2EBRP4  Patch              171.150   0.000 -0.6190398010004970  0.1727125348853795 -0.7661332162690343
   1720  B2EBRSQ4 Sol_Quad           171.211   0.061 -0.6247011375551913  0.1791693019141874 -0.7600308217360898
   1721  B2EBRP4  Patch              171.211   0.000 -0.6242597177911076  0.1791693019141874 -0.7603934284269905
   1722  B2EBRSQ4 Sol_Quad           171.273   0.061 -0.6297972012060286  0.1856796114599551 -0.7542403908841904
   1723  B2EBRP4  Patch              171.273   0.000 -0.6293591428160008  0.1856796114599551 -0.7546059575977331
   1724  B2EBRSQ4 Sol_Quad           171.334   0.061 -0.6347717579158603  0.1922422083326029 -0.7484034665124256
   1725  B2EBRP4  Patch              171.334   0.000 -0.6343370879169908  0.1922422083326029 -0.7487719227030343
   1726  B2EBRSQ4 Sol_Quad           171.396   0.061 -0.6396238437568086  0.1988558271916722 -0.7425211771321302
   1727  B2EBRP4  Patch              171.396   0.000 -0.6391925885110882  0.1988558271916722 -0.7428924516943306
   1728  B2EBRSQ4 Sol_Quad           171.457   0.061 -0.6443525185622115  0.2055191927862535 -0.7365946600532918
   1729  B2EBRP4  Patch              171.457   0.000 -0.6439247037714065  0.2055191927862535 -0.7369686813355070
   1730  B2EBRSQ4 Sol_Quad           171.519   0.061 -0.6489568661031083  0.2122310201970136 -0.7306250611659646
   1731  B2EBRP4  Patch              171.519   0.000 -0.6485325168037748  0.2122310201970136 -0.7310017569844129
   1732  B2EBRSQ4 Sol_Quad           171.580   0.061 -0.6534359942603968  0.2189900150803003 -0.7246135347204459
   1733  B2EBRP4  Patch              171.580   0.000 -0.6530151348190217  0.2189900150803003 -0.7249928323731394
   1734  B2EBRSQ4 Sol_Quad           171.642   0.061 -0.6577890351926035  0.2257948739142706 -0.7185612431062679
   1735  B2EBRP4  Patch              171.642   0.000 -0.6573716893008749  0.2257948739142706 -0.7189430693871075
   1736  B2EBRSQ4 Sol_Quad           171.703   0.061 -0.6620151454992342  0.2326442842470241 -0.7124693566300374
   1737  B2EBRP4  Patch              171.703   0.000 -0.6616013361694396  0.2326442842470241 -0.7128536378430034
   1738  B2EBRSQ4 Sol_Quad           171.765   0.061 -0.6661135063796613  0.2395369249466862 -0.7063390532921711
   1739  B2EBRP4  Patch              171.765   0.000 -0.6657032559402165  0.2395369249466862 -0.7067257152656057
   1740  B2EBRSQ4 Sol_Quad           171.826   0.061 -0.6700833237875005  0.2464714664534067 -0.7001715185625619
   1741  B2EBRP4  Patch              171.826   0.000 -0.6696766538786081  0.2464714664534067 -0.7005604866635421
   1742  B2EBRSQ4 Sol_Quad           171.888   0.061 -0.6739238285804514  0.2534465710332362 -0.6939679451552223
   1743  B2EBRP4  Patch              171.888   0.000 -0.6735207601498904  0.2534465710332362 -0.6943591443040187
   1744  B2EBRSQ4 Sol_Quad           171.949   0.061 -0.6776342766655500  0.2604608930338260 -0.6877295328019434
   1745  B2EBRP4  Patch              171.949   0.000 -0.6772348299645962  0.2604608930338260 -0.6881228874865645
   1746  B2EBRSQ4 Sol_Quad           172.011   0.061 -0.6812139491398074  0.2675130791419227 -0.6814574880250095
   1747  B2EBRP4  Patch              172.011   0.000 -0.6808181437192868  0.2675130791419227 -0.6818529223158266
   1748  B2EBRSQ4 Sol_Quad           172.072   0.061 -0.6846621524261993  0.2746017686425960 -0.6751530239090117
   1749  B2EBRP4  Patch              172.072   0.000 -0.6842700071326731  0.2746017686425960 -0.6755504614734641
   1750  B2EBRSQ4 Sol_Quad           172.133   0.061 -0.6879782184049648  0.2817255936801695 -0.6688173598718018
   1751  B2EBRP3  Patch              172.133   0.000 -0.6875897513770896  0.2817255936801695 -0.6692167239891340
   1752  B2EBRSQ3 Sol_Quad           172.195   0.061 -0.6911627653256746  0.2888850650436288 -0.6624495837587231
   1753  B2EBRP3  Patch              172.195   0.000 -0.6907779952315642  0.2888850650436288 -0.6628507980674082
   1754  B2EBRSQ3 Sol_Quad           172.256   0.061 -0.6942138982658582  0.2960769057499238 -0.6560529927803636
   1755  B2EBRP3  Patch              172.256   0.000 -0.6938328418594522  0.2960769057499238 -0.6564559798179825
   1756  B2EBRSQ3 Sol_Quad           172.318   0.061 -0.6971310269036795  0.3032997270235711 -0.6496288224175778
   1757  B2EBRP3  Patch              172.318   0.000 -0.6967537002216302  0.3032997270235711 -0.6500335043787313
   1758  B2EBRSQ3 Sol_Quad           172.379   0.061 -0.6999135868162250  0.3105521340976614 -0.6431783135316640
   1759  B2EBRP3  Patch              172.379   0.000 -0.6995400051747701  0.3105521340976614 -0.6435846122830092
   1760  B2EBRSQ3 Sol_Quad           172.441   0.061 -0.7025610395897216  0.3178327264851045 -0.6367027121236840
   1761  B2EBRP3  Patch              172.441   0.000 -0.7021912175816947  0.3178327264851045 -0.6371105492190364
   1762  B2EBRSQ3 Sol_Quad           172.502   0.061 -0.7050728729246993  0.3251400982509409 -0.6302032690926632
   1763  B2EBRP3  Patch              172.502   0.000 -0.7047068244166816  0.3251400982509409 -0.6306125657881591
   1764  B2EBRSQ3 Sol_Quad           172.564   0.061 -0.7074486007360680  0.3324728382856648 -0.6236812399927174
   1765  B2EBRP3  Patch              172.564   0.000 -0.7070863388656807  0.3324728382856648 -0.6240919172620342
   1766  B2EBRSQ3 Sol_Quad           172.625   0.061 -0.7096877632480948  0.3398295305795034 -0.6171378847891533
   1767  B2EBRP3  Patch              172.625   0.000 -0.7093293004214341  0.3398295305795034 -0.6175498633387859
   1768  B2EBRSQ3 Sol_Quad           172.687   0.061 -0.7117899270842521  0.3472087544975934 -0.6105744676135948
   1769  B2EBRP3  Patch              172.687   0.000 -0.7114352749734644  0.3472087544975934 -0.6109876678981834
   1770  B2EBRSQ3 Sol_Quad           172.748   0.061 -0.7137546853519250  0.3546090850560062 -0.6039922565181750
   1771  B2EBRP3  Patch              172.748   0.000 -0.7134038548929268  0.3546090850560062 -0.6044065987558824
   1772  B2EBRSQ3 Sol_Quad           172.810   0.061 -0.7155816577219536  0.3620290931985598 -0.5973925232288482
   1773  B2EBRP3  Patch              172.810   0.000 -0.7152346591122936  0.3620290931985598 -0.5978079274167835
   1774  B2EBRSQ3 Sol_Quad           172.871   0.061 -0.7172704905029961  0.3694673460743657 -0.5907765428978691
   1775  B2EBRP3  Patch              172.871   0.000 -0.7169273331998610  0.3694673460743657 -0.5911929288275543
   1776  B2EBRSQ3 Sol_Quad           172.933   0.061 -0.7188208567106932  0.3769224073160527 -0.5841455938554855
   1777  B2EBRP3  Patch              172.933   0.000 -0.7184815494290583  0.3769224073160527 -0.5845628811283626
   1778  B2EBRSQ3 Sol_Quad           172.994   0.061 -0.7202324561316243  0.3843928373186105 -0.5775009573609010
   1779  B2EBRP3  Patch              172.994   0.000 -0.7198970068425481  0.3843928373186105 -0.5779190654038762
   1780  B2EBRSQ3 Sol_Quad           173.056   0.061 -0.7215050153820329  0.3918771935188020 -0.5708439173525470
   1781  B2EBRP3  Patch              173.056   0.000 -0.7211734313110965  0.3918771935188020 -0.5712627654335686
   1782  B2EBRSQ3 Sol_Quad           173.117   0.061 -0.7226382879613142  0.3993740306750868 -0.5641757601977219
   1783  B2EBRP2  Patch              173.117   0.000 -0.7223105755872068  0.3993740306750868 -0.5645952674413899
   1784  B2EBRSQ2 Sol_Quad           173.179   0.061 -0.7236321238687092  0.4068818381314434 -0.5574977301335317
   1785  B2EBRP2  Patch              173.179   0.000 -0.7233082889476751  0.4068818381314434 -0.5579178155771382
   1786  B2EBRSQ2 Sol_Quad           173.240   0.061 -0.7244862583979386  0.4143992380625835 -0.5508111590061575
   1787  B2EBRP2  Patch              173.240   0.000 -0.7241663059129255  0.4143992380625835 -0.5512317415330673
   1788  B2EBRSQ2 Sol_Quad           173.302   0.061 -0.7252005251657948  0.4219247785795356 -0.5441173398448773
   1789  B2EBRP2  Patch              173.302   0.000 -0.7248844593489768  0.4219247785795356 -0.5445383382416263
   1790  B2EBRSQ2 Sol_Quad           173.363   0.061 -0.7257747848499145  0.4294570062442691 -0.5374175671335745
   1791  B2EBRP2  Patch              173.363   0.000 -0.7254626091818428  0.4294570062442691 -0.5378389001055822
   1792  B2EBRSQ2 Sol_Quad           173.425   0.061 -0.7262089252173568  0.4369944663535096 -0.5307131365540729
   1793  B2EBRP2  Patch              173.425   0.000 -0.7259006424262593  0.4369944663535096 -0.5311347227413724
   1794  B2EBRSQ2 Sol_Quad           173.486   0.061 -0.7265028611477775  0.4445357032226191 -0.5240053447289095
   1795  B2EBRP2  Patch              173.486   0.000 -0.7261984732090084  0.4445357032226191 -0.5244271027218894
   1796  B2EBRSQ2 Sol_Quad           173.548   0.061 -0.7266565346511789  0.4520792604694868 -0.5172954889636101
   1797  B2EBRP2  Patch              173.548   0.000 -0.7263560427868173  0.4520792604694868 -0.5177173373187686
   1798  B2EBRSQ2 Sol_Quad           173.609   0.061 -0.7266699148802300  0.4596236812983695 -0.5105848669885269
   1799  B2EBRP2  Patch              173.609   0.000 -0.7263733195588288  0.4596236812983695 -0.5110067242442315
   1800  B2EBRSQ2 Sol_Quad           173.671   0.061 -0.7265429981371567  0.4671675087836146 -0.5038747767003026
   1801  B2EBRP2  Patch              173.671   0.000 -0.7262502990736411  0.4671675087836146 -0.5042965613925550
   1802  B2EBRSQ2 Sol_Quad           173.732   0.061 -0.7262758078751899  0.4747092861532198 -0.4971665159030095
   1803  B2EBRP2  Patch              173.732   0.000 -0.7259870040309072  0.4747092861532198 -0.4975881465812109
   1804  B2EBRSQ2 Sol_Quad           173.793   0.061 -0.7258683946945729  0.4822475570721535 -0.4904613820490457
   1805  B2EBRP2  Patch              173.793   0.000 -0.7255834842774915  0.4822475570721535 -0.4908827772917597
   1806  B2EBRSQ2 Sol_Quad           173.855   0.061 -0.7253208363331320  0.4897808659253937 -0.4837606719798268
   1807  B2EBRP2  Patch              173.855   0.000 -0.7250398167981922  0.4897808659253937 -0.4841817504105372
   1808  B2EBRSQ2 Sol_Quad           173.916   0.061 -0.7246332376513986  0.4973077581006173 -0.4770656816663565
   1809  B2EBRP2  Patch              173.916   0.000 -0.7243561057010127  0.4973077581006173 -0.4774863619692161
   1810  B2EBRSQ2 Sol_Quad           173.978   0.061 -0.7238057306123004  0.5048267802704904 -0.4703777059497178
   1811  B2EBRP2  Patch              173.978   0.000 -0.7235324821970046  0.5048267802704904 -0.4707979068852859
   1812  B2EBRSQ2 Sol_Quad           174.039   0.061 -0.7228384742554147  0.5123364806744988 -0.4636980382815606
   1813  B2EBRP2  Patch              174.039   0.000 -0.7225691045746717  0.5123364806744988 -0.4641176787025253
   1814  B2EBRSQ2 Sol_Quad           174.101   0.061 -0.7217316546657970  0.5198354094002618 -0.4570279704646388
   1815  B2EBRP1  Patch              174.101   0.000 -0.7214661581689484  0.5198354094002618 -0.4574469693315213
   1816  B2EBRSQ1 Sol_Quad           174.162   0.061 -0.7204860591692298  0.5273202399059251 -0.4503700735265884
   1817  B2EBRP1  Patch              174.162   0.000 -0.7202244288126086  0.5273202399059251 -0.4507883502566400
   1818  B2EBRSQ1 Sol_Quad           174.224   0.061 -0.7191014414617530  0.5347914217890108 -0.4437242973609983
   1819  B2EBRP1  Patch              174.224   0.000 -0.7188436702308282  0.5347914217890108 -0.4441417712284614
   1820  B2EBRSQ1 Sol_Quad           174.285   0.061 -0.7175780659249346  0.5422475136038380 -0.4370919277381818
   1821  B2EBRP1  Patch              174.285   0.000 -0.7173241460585436  0.5422475136038380 -0.4375085181705962
   1822  B2EBRSQ1 Sol_Quad           174.347   0.061 -0.7159162237921579  0.5496870768364635 -0.4304742478594452
   1823  B2EBRP1  Patch              174.347   0.000 -0.7156661467839941  0.5496870768364635 -0.4308898744532398
   1824  B2EBRSQ1 Sol_Quad           174.408   0.061 -0.7141162330951396  0.5571086761766597 -0.4238725381039590
   1825  B2EBRP1  Patch              174.408   0.000 -0.7138699896953861  0.5571086761766597 -0.4242871206400134
   1826  B2EBRSQ1 Sol_Quad           174.470   0.061 -0.7121784386052554  0.5645108797895225 -0.4172880757762369
   1827  B2EBRP1  Patch              174.470   0.000 -0.7119360188223662  0.5645108797895225 -0.4177015342354076
   1828  B2EBRSQ1 Sol_Quad           174.531   0.061 -0.7101032117696618  0.5718922595866600 -0.4107221348542953
   1829  B2EBRP1  Patch              174.531   0.000 -0.7098646048722885  0.5718922595866600 -0.4111343894329063
   1830  B2EBRSQ1 Sol_Quad           174.593   0.061 -0.7078909506422058  0.5792513914969263 -0.4041759857385690
   1831  B2EBRP1  Patch              174.593   0.000 -0.7076561451612708  0.5792513914969263 -0.4045869568638616
   1832  B2EBRSQ1 Sol_Quad           174.654   0.061 -0.7055420798091345  0.5865868557366314 -0.3976508950016449
   1833  B2EBRP1  Patch              174.654   0.000 -0.7053110635400489  0.5865868557366314 -0.3980605033471841
   1834  B2EBRSQ1 Sol_Quad           174.716   0.061 -0.7030570503095864  0.5938972370791954 -0.3911481251389017
   1835  B2EBRP1  Patch              174.716   0.000 -0.7028298103146130  0.5938972370791954 -0.3915562916399370
   1836  B2EBRSQ1 Sol_Quad           174.777   0.061 -0.7004363395508755  0.6011811251241937 -0.3846689343201184
   1837  B2EBRP1  Patch              174.777   0.000 -0.7002128621616361  0.6011811251241937 -0.3850755801888955
   1838  B2EBRSQ1 Sol_Quad           174.839   0.061 -0.6976804512185684  0.6084371145657391 -0.3782145761421282
   1839  B2EBRP1  Patch              174.839   0.000 -0.6974607220386948  0.6084371145657391 -0.3786196228831483
   1840  B2EBRSQ1 Sol_Quad           174.900   0.061 -0.6947899151813586  0.6156638054601563 -0.3717862993825861
   1841  B2EBRP1  Patch              174.900   0.000 -0.6945739190892863  0.6156638054601563 -0.3721896688078096
   1842  B2EBRSQ1 Sol_Quad           174.962   0.061 -0.6917652873907505  0.6228598034928903 -0.3653853477549278
   1843  B2EBRP1  Patch              174.962   0.000 -0.6915530085426548  0.6228598034928903 -0.3657869619989208
   1844  B2EBRSQ1 Sol_Quad           175.023   0.061 -0.6886071497755546  0.6300237202446163 -0.3590129596645777
   1845  B2EBRP1  Patch              175.023   0.000 -0.6883985716084285  0.6300237202446163 -0.3594127411995963
   1846  B2EBRSQ1 Sol_Quad           175.085   0.061 -0.6853161101312157  0.6371541734564720 -0.3526703679664892
   1847  LTR120   Drift              175.764   0.679 -0.6853161101312157  0.6371541734564720 -0.3526703679664892
   1848  QF2ERA   Quadrupole         176.321   0.557 -0.6853226270516845  0.6371547449975348 -0.3526566712513801
   1849  LTR121   Drift              176.492   0.172 -0.6853226270516845  0.6371547449975348 -0.3526566712513801
   1850  MQF2E48  Monitor            176.492   0.000 -0.6853226270516845  0.6371547449975348 -0.3526566712513801
   1851  LTR122   Drift              176.575   0.083 -0.6853226270516845  0.6371547449975348 -0.3526566712513801
   1852  ZHQF2E48 Sbend              176.920   0.344 -0.6853226270516845  0.6371547449975348 -0.3526566712513801
   1853  LTR123   Drift              179.960   3.040 -0.6853226270516845  0.6371547449975348 -0.3526566712513801
   1854  ZVQD1E24 Sbend              180.304   0.344 -0.6853226270516845  0.6371547449975348 -0.3526566712513801
   1855  LTR124   Drift              180.425   0.120 -0.6853226270516845  0.6371547449975348 -0.3526566712513801
   1856  QD1ERA   Quadrupole         181.440   1.015 -0.6853177171505432  0.6371540998755844 -0.3526673780934405
   1857  LPQBE    Drift              181.632   0.192 -0.6853177171505432  0.6371540998755844 -0.3526673780934405
   1858  MQD1E24  Monitor            181.632   0.000 -0.6853177171505432  0.6371540998755844 -0.3526673780934405
   1859  LARC11   Drift              184.945   3.313 -0.6853177171505432  0.6371540998755844 -0.3526673780934405
   1860  ZHQF2E47 Sbend              185.289   0.344 -0.6853177171505432  0.6371540998755844 -0.3526673780934405
   1861  LX0QSE   Drift              185.372   0.083 -0.6853177171505432  0.6371540998755844 -0.3526673780934405
   1862  MQF2E47  Monitor            185.372   0.000 -0.6853177171505432  0.6371540998755844 -0.3526673780934405
   1863  LPQSE    Drift              185.543   0.172 -0.6853177171505432  0.6371540998755844 -0.3526673780934405
   1864  QF2ERA   Quadrupole         186.100   0.557 -0.6853216360413777  0.6371538577562409 -0.3526602000792109
   1865  LARC2    Drift              186.780   0.679 -0.6853216360413777  0.6371538577562409 -0.3526602000792109
   1866  B2EARP6  Patch              186.780   0.000 -0.6851167471793368  0.6371538577562409 -0.3530580749405745
   1867  B2EARSQ6 Sol_Quad           186.841   0.061 -0.6824634013733504  0.6436529793611452 -0.3463445509105611
   1868  B2EARP6  Patch              186.841   0.000 -0.6822621801960761  0.6436529793611452 -0.3467407671930401
   1869  B2EARSQ6 Sol_Quad           186.903   0.061 -0.6794853531465328  0.6501243549188843 -0.3400558454145965
   1870  B2EARP6  Patch              186.903   0.000 -0.6792877840292889  0.6501243549188843 -0.3404503335435031
   1871  B2EARSQ6 Sol_Quad           186.964   0.061 -0.6763880131539201  0.6565668486254908 -0.3337951901206556
   1872  B2EARP6  Patch              186.964   0.000 -0.6761940798293726  0.6565668486254908 -0.3341878808240959
   1873  B2EARSQ6 Sol_Quad           187.026   0.061 -0.6731719242274454  0.6629793297446800 -0.3275636865759295
   1874  B2EARP6  Patch              187.026   0.000 -0.6729816097885519  0.6629793297446800 -0.3279545108970215
   1875  B2EARSQ6 Sol_Quad           187.087   0.061 -0.6698376501397854  0.6693606728089175 -0.3213624311459017
   1876  B2EARP6  Patch              187.087   0.000 -0.6696509370427997  0.6693606728089175 -0.3217513204549350
   1877  B2EARSQ6 Sol_Quad           187.149   0.061 -0.6663857755024606  0.6757097578193008 -0.3151925148155762
   1878  B2EARP6  Patch              187.149   0.000 -0.6662026455700542  0.6757097578193008 -0.3155794008221129
   1879  B2EARSQ6 Sol_Quad           187.210   0.061 -0.6628169056602458  0.6820254704442030 -0.3090550229916058
   1880  B2EARP6  Patch              187.210   0.000 -0.6626373400847428  0.6820254704442030 -0.3094398377565207
   1881  B2EARSQ6 Sol_Quad           187.272   0.061 -0.6591316665819004  0.6883067022166804 -0.3029510353053219
   1882  B2EARP6  Patch              187.272   0.000 -0.6589556459286282  0.6883067022166804 -0.3033337112527787
   1883  B2EARSQ6 Sol_Quad           187.333   0.061 -0.6553307047472446  0.6945523507305915 -0.2968816254167492
   1884  B2EARP6  Patch              187.333   0.000 -0.6551582089579971  0.6945523507305915 -0.2972620953461111
   1885  B2EARSQ6 Sol_Quad           187.395   0.061 -0.6514146870305988  0.7007613198354208 -0.2908478608196176
   1886  B2EARP6  Patch              187.395   0.000 -0.6512456954272139  0.7007613198354208 -0.2912260579172908
   1887  B2EARSQ6 Sol_Quad           187.456   0.061 -0.6473843005806023  0.7069325198297628 -0.2848508026474703
   1888  B2EARP6  Patch              187.456   0.000 -0.6472187918686507  0.7069325198297628 -0.2852266604986775
   1889  B2EARSQ6 Sol_Quad           187.517   0.061 -0.6432402526964351  0.7130648676534614 -0.2788915054808590
   1890  B2EARP6  Patch              187.517   0.000 -0.6430782049690232  0.7130648676534614 -0.2792649580813402
   1891  B2EARSQ6 Sol_Quad           187.579   0.061 -0.6389832707004728  0.7191572870783611 -0.2729710171557046
   1892  B2EARP6  Patch              187.579   0.000 -0.6388246614421544  0.7191572870783611 -0.2733419989233458
   1893  B2EARSQ6 Sol_Quad           187.640   0.061 -0.6346141018073885  0.7252087088976568 -0.2670903785728683
   1894  B2EARP6  Patch              187.640   0.000 -0.6344589078981894  0.7252087088976568 -0.2674588243592525
   1895  B2EARSQ6 Sol_Quad           187.702   0.061 -0.6301335129897307  0.7312180711138142 -0.2612506235089546
   1896  B2EARP6  Patch              187.702   0.000 -0.6299817107092810  0.7312180711138142 -0.2616164686108359
   1897  B2EARSQ6 Sol_Quad           187.763   0.061 -0.6255422908400062  0.7371843191250382 -0.2554527784284120
   1898  B2EARP5  Patch              187.763   0.000 -0.6253938558717836  0.7371843191250382 -0.2558159585991089
   1899  B2EARSQ5 Sol_Quad           187.825   0.061 -0.6208416252418310  0.7431057654435018 -0.2496988140374590
   1900  B2EARP5  Patch              187.825   0.000 -0.6206965321248155  0.7431057654435018 -0.2500592657208677
   1901  B2EARSQ5 Sol_Quad           187.886   0.061 -0.6160319842607334  0.7489820384679061 -0.2439887301090920
   1902  B2EARP5  Patch              187.886   0.000 -0.6158902075339577  0.7489820384679061 -0.2443463900208926
   1903  B2EARSQ5 Sol_Quad           187.948   0.061 -0.6111142106924065  0.7548121065881533 -0.2383235306002213
   1904  B2EARP5  Patch              187.948   0.000 -0.6109757243118106  0.7548121065881533 -0.2386783359452970
   1905  B2EARSQ5 Sol_Quad           188.009   0.061 -0.6060891663843498  0.7605949463089761 -0.2327042114805261
   1906  B2EARP5  Patch              188.009   0.000 -0.6059539437274150  0.7605949463089761 -0.2330560999640266
   1907  B2EARSQ5 Sol_Quad           188.071   0.061 -0.6009577320837912  0.7663295424267255 -0.2271317605548714
   1908  B2EARP5  Patch              188.071   0.000 -0.6008257459542780  0.7663295424267255 -0.2274806703931888
   1909  B2EARSQ5 Sol_Quad           188.132   0.061 -0.5957208072822058  0.7720148882049371 -0.2216071572873010
   1910  B2EARP5  Patch              188.132   0.000 -0.5955920299149942  0.7720148882049371 -0.2219530272189549
   1911  B2EARSQ5 Sol_Quad           188.194   0.061 -0.5903793100564438  0.7776499855486362 -0.2161313726266644
   1912  B2EARP5  Patch              188.194   0.000 -0.5902537131224743  0.7776499855486362 -0.2164741419230953
   1913  B2EARSQ5 Sol_Quad           188.255   0.061 -0.5849341769064975  0.7832338451773420 -0.2107053688339159
   1914  B2EARP5  Patch              188.255   0.000 -0.5848117315178126  0.7832338451773420 -0.2110449773101840
   1915  B2EARSQ5 Sol_Quad           188.317   0.061 -0.5793863625899274  0.7887654867967380 -0.2053300993111364
   1916  B2EARP5  Patch              188.317   0.000 -0.5792670393048126  0.7887654867967380 -0.2056664873365242
   1917  B2EARSQ5 Sol_Quad           188.378   0.061 -0.5737368399529696  0.7942439392689775 -0.2000065084323025
   1918  B2EARP5  Patch              188.378   0.000 -0.5736206087811924  0.7942439392689775 -0.2003396169408198
   1919  B2EARSQ5 Sol_Quad           188.440   0.061 -0.5679865997583552  0.7996682407815775 -0.1947355313758704
   1920  B2EARP5  Patch              188.440   0.000 -0.5678734301665015  0.7996682407815775 -0.1950653018766591
   1921  B2EARSQ5 Sol_Quad           188.501   0.061 -0.5621366505098655  0.8050374390148757 -0.1895180939591862
   1922  B2EARP5  Patch              188.501   0.000 -0.5620265114267723  0.8050374390148757 -0.1898444685468231
   1923  B2EARSQ5 Sol_Quad           188.563   0.061 -0.5561880182736558  0.8103505913080078 -0.1843551124747805
   1924  B2EARP5  Patch              188.563   0.000 -0.5560808780959390  0.8103505913080078 -0.1846780338394770
   1925  B2EARSQ5 Sol_Quad           188.624   0.061 -0.5501417464963788  0.8156067648233687 -0.1792474935285732
   1926  B2EARP5  Patch              188.624   0.000 -0.5500375730940542  0.8156067648233687 -0.1795669049662683
   1927  B2EARSQ5 Sol_Quad           188.686   0.061 -0.5439988958201362  0.8208050367095274 -0.1741961338800230
   1928  B2EARP5  Patch              188.686   0.000 -0.5438976565423346  0.8208050367095274 -0.1745119793023702
   1929  B2EARSQ5 Sol_Quad           188.747   0.061 -0.5377605438943001  0.8259444942625553 -0.1692019202842582
   1930  B2EARP4  Patch              188.747   0.000 -0.5376622055750628  0.8259444942625553 -0.1695141442285357
   1931  B2EARSQ4 Sol_Quad           188.809   0.061 -0.5314273497326211  0.8310241225223517 -0.1642677075450940
   1932  B2EARP4  Patch              188.809   0.000 -0.5313318775482483  0.8310241225223517 -0.1645762549306897
   1933  B2EARSQ4 Sol_Quad           188.870   0.061 -0.5250008972731525  0.8360431354532102 -0.1593923885383264
   1934  B2EARP4  Patch              188.870   0.000 -0.5249082570425219  0.8360431354532102 -0.1596972052045679
   1935  B2EARSQ4 Sol_Quad           188.932   0.061 -0.5184823134839024  0.8410006524471738 -0.1545768196975589
   1936  B2EARP4  Patch              188.932   0.000 -0.5183924705284105  0.8410006524471738 -0.1548778521380070
   1937  B2EARSQ4 Sol_Quad           188.993   0.061 -0.5118727415778741  0.8458958036563750 -0.1498218468251214
   1938  B2EARP4  Patch              188.993   0.000 -0.5117856607276068  0.8458958036563750 -0.1501190421970050
   1939  B2EARSQ4 Sol_Quad           189.055   0.061 -0.5051733408081704  0.8507277301455181 -0.1451283049517571
   1940  B2EARP4  Patch              189.055   0.000 -0.5050889864081549  0.8507277301455181 -0.1454216110852884
   1941  B2EARSQ4 Sol_Quad           189.116   0.061 -0.4983852862605300  0.8554955840426141 -0.1404970181982511
   1942  B2EARP4  Patch              189.116   0.000 -0.4983036221770666  0.8554955840426141 -0.1407863836058209
   1943  B2EARSQ4 Sol_Quad           189.177   0.061 -0.4915097686433094  0.8601985286879417 -0.1359287996390192
   1944  B2EARP4  Patch              189.177   0.000 -0.4914307582703836  0.8601985286879417 -0.1362141735242700
   1945  B2EARSQ4 Sol_Quad           189.239   0.061 -0.4845479940749495  0.8648357387812005 -0.1314244511676667
   1946  B2EARP4  Patch              189.239   0.000 -0.4844716003407212  0.8648357387812005 -0.1317057834344427
   1947  B2EARSQ4 Sol_Quad           189.300   0.061 -0.4775011838689444  0.8694064005268290 -0.1269847633645253
   1948  B2EARP4  Patch              189.300   0.000 -0.4774273692423142  0.8694064005268290 -0.1272620046256970
   1949  B2EARSQ4 Sol_Quad           189.362   0.061 -0.4703705743163495  0.8739097117774542 -0.1226105153661753
   1950  B2EARP4  Patch              189.362   0.000 -0.4702993008136016  0.8739097117774542 -0.1228836169523385
   1951  B2EARSQ4 Sol_Quad           189.423   0.061 -0.4631574164658476  0.8783448821754455 -0.1183024747369620
   1952  B2EARP4  Patch              189.423   0.000 -0.4630886456573665  0.8783448821754455 -0.1185713887050088
   1953  B2EARSQ4 Sol_Quad           189.485   0.061 -0.4558629759014085  0.8827111332925346 -0.1140613973425130
   1954  B2EARP4  Patch              189.485   0.000 -0.4557966689184692  0.8827111332925346 -0.1143260764840735
   1955  B2EARSQ4 Sol_Quad           189.546   0.061 -0.4484885325175729  0.8870076987674808 -0.1098880272252536
   1956  B2EARP4  Patch              189.546   0.000 -0.4484246500592040  0.8870076987674808 -0.1101484250750078
   1957  B2EARSQ4 Sol_Quad           189.608   0.061 -0.4410353802923852  0.8912338244417405 -0.1057830964819362
   1958  B2EARP4  Patch              189.608   0.000 -0.4409738826323027  0.8912338244417405 -0.1060391673257932
   1959  B2EARSQ4 Sol_Quad           189.669   0.061 -0.4335048270580183  0.8953887684931136 -0.1017473251431714
   1960  B2EARP4  Patch              189.669   0.000 -0.4334456740516298  0.8953887684931136 -0.1019990240263160
   1961  B2EARSQ4 Sol_Quad           189.731   0.061 -0.4258981942691080  0.8994718015673374 -0.0977814210549699
   1962  B2EARP3  Patch              189.731   0.000 -0.4258413453605908  0.8994718015673374 -0.0980287037897483
   1963  B2EARSQ3 Sol_Quad           189.792   0.061 -0.4182169623193015  0.9034824026141582 -0.0938835480527389
   1964  B2EARP3  Patch              189.792   0.000 -0.4181623780187463  0.9034824026141582 -0.0941263713114558
   1965  B2EARSQ3 Sol_Quad           189.854   0.061 -0.4104623058529742  0.9074196624124035 -0.0900569361083658
   1966  B2EARP3  Patch              189.854   0.000 -0.4104099447947861  0.9074196624124035 -0.0902952572448157
   1967  B2EARSQ3 Sol_Quad           189.915   0.061 -0.4026355861733715  0.9112828897596255 -0.0863022570862349
   1968  B2EARP3  Patch              189.915   0.000 -0.4025854066016056  0.9112828897596255 -0.0865360342445442
   1969  B2EARSQ3 Sol_Quad           189.977   0.061 -0.3947381772370655  0.9150714064509577 -0.0826201702215117
   1970  B2EARP3  Patch              189.977   0.000 -0.3946901370127582  0.9150714064509577 -0.0828493623434883
   1971  B2EARSQ3 Sol_Quad           190.038   0.061 -0.3867714654126825  0.9187845473981731 -0.0790113220042953
   1972  B2EARP3  Patch              190.038   0.000 -0.3867255220212499  0.9187845473981731 -0.0792358888366378
   1973  B2EARSQ3 Sol_Quad           190.100   0.061 -0.3787368492374570  0.9224216607464358 -0.0754763460660118
   1974  B2EARP3  Patch              190.100   0.000 -0.3786929597961592  0.9224216607464358 -0.0756962481673771
   1975  B2EARSQ3 Sol_Quad           190.161   0.061 -0.3706357391716436  0.9259821079887323 -0.0720158630680653
   1976  B2EARP3  Patch              190.161   0.000 -0.3705938604371137  0.9259821079887323 -0.0722310618159943
   1977  B2EARSQ3 Sol_Quad           190.223   0.061 -0.3624695573508344  0.9294652640779539 -0.0686304805927677
   1978  B2EARP3  Patch              190.223   0.000 -0.3624296457266713  0.9294652640779539 -0.0688409381904666
   1979  B2EARSQ3 Sol_Quad           190.284   0.061 -0.3542397373362272  0.9328705175366189 -0.0653207930365655
   1980  B2EARP3  Patch              190.284   0.000 -0.3542017488806494  0.9328705175366189 -0.0655264725195426
   1981  B2EARSQ3 Sol_Quad           190.346   0.061 -0.3459477238628828  0.9361972705642089 -0.0620873815055848
   1982  B2EARP3  Patch              190.346   0.000 -0.3459116142964445  0.9361972705642089 -0.0622882467481405
   1983  B2EARSQ3 Sol_Quad           190.407   0.061 -0.3375949725860204  0.9394449391421038 -0.0589308137135107
   1984  B2EARP3  Patch              190.407   0.000 -0.3375606972993854  0.9394449391421038 -0.0591268294350809
   1985  B2EARSQ3 Sol_Quad           190.469   0.061 -0.3291829498253977  0.9426129531360959 -0.0558516438818165
   1986  B2EARP3  Patch              190.469   0.000 -0.3291504638871717  0.9426129531360959 -0.0560427756531672
   1987  B2EARSQ3 Sol_Quad           190.530   0.061 -0.3207131323078097  0.9457007563964657 -0.0528504126423715
   1988  B2EARP3  Patch              190.530   0.000 -0.3206823904724301  0.9457007563964657 -0.0530366268916438
   1989  B2EARSQ3 Sol_Quad           190.592   0.061 -0.3121870069077683  0.9487078068556006 -0.0499276469424258
   1990  B2EARP3  Patch              190.592   0.000 -0.3121579636234481  0.9487078068556006 -0.0501089109610308
   1991  B2EARSQ3 Sol_Quad           190.653   0.061 -0.3036060703863921  0.9516335766231423 -0.0470838599520070
   1992  B2EARP3  Patch              190.653   0.000 -0.3035786798031181  0.9516335766231423 -0.0472601419003687
   1993  B2EARSQ3 Sol_Quad           190.715   0.061 -0.2949718291285601  0.9544775520786430 -0.0443195509737370
   1994  B2EARP2  Patch              190.715   0.000 -0.2949460451061433  0.9544775520786430 -0.0444908198868824
   1995  B2EARSQ2 Sol_Quad           190.776   0.061 -0.2862858040083694  0.9572392643377046 -0.0416344716970509
   1996  B2EARP2  Patch              190.776   0.000 -0.2862615805505468  0.9572392643377046 -0.0418006974931499
   1997  B2EARSQ2 Sol_Quad           190.837   0.061 -0.2775495083189742  0.9599181968632762 -0.0390298060801288
   1998  B2EARP2  Patch              190.837   0.000 -0.2775267987417585  0.9599181968632762 -0.0391909595558502
   1999  B2EARSQ2 Sol_Quad           190.899   0.061 -0.2687644753885907  0.9625138792696802 -0.0365060129612374
   2000  B2EARP2  Patch              190.899   0.000 -0.2687432327413100  0.9625138792696802 -0.0366620658035048
   2001  B2EARSQ2 Sol_Quad           190.960   0.061 -0.2599322471395670  0.9650258557923236 -0.0340635369459345
   2002  B2EARP2  Patch              190.960   0.000 -0.2599124242131277  0.9650258557923236 -0.0342144617369193
   2003  B2EARSQ2 Sol_Quad           191.022   0.061 -0.2510543738163214  0.9674536853681157 -0.0317028083195153
   2004  B2EARP2  Patch              191.022   0.000 -0.2510359231515222  0.9674536853681157 -0.0318485785414706
   2005  B2EARSQ2 Sol_Quad           191.083   0.061 -0.2421324137116760  0.9697969417132012 -0.0294242429618493
   2006  B2EARP2  Patch              191.083   0.000 -0.2421152876075706  0.9697969417132012 -0.0295648330017861
   2007  B2EARSQ2 Sol_Quad           191.145   0.061 -0.2331679328916502  0.9720552133979896 -0.0272282422646331
   2008  B2EARP2  Patch              191.145   0.000 -0.2331520834139591  0.9720552133979896 -0.0273636274188365
   2009  B2EARSQ2 Sol_Quad           191.206   0.061 -0.2241625049187480  0.9742281039194851 -0.0251151930511020
   2010  B2EARP2  Patch              191.206   0.000 -0.2241478839083160  0.9742281039194851 -0.0252453495294861
   2011  B2EARSQ2 Sol_Quad           191.268   0.061 -0.2151177105738054  0.9763152317709016 -0.0230854674982250
   2012  B2EARP2  Patch              191.268   0.000 -0.2151042696551051  0.9763152317709016 -0.0232103724285268
   2013  B2EARSQ2 Sol_Quad           191.329   0.061 -0.2060351375764328  0.9783162305085646 -0.0211394230614168
   2014  B2EARP2  Patch              191.329   0.000 -0.2060228281661116  0.9783162305085646 -0.0212590544932279
   2015  B2EARSQ2 Sol_Quad           191.391   0.061 -0.1969163803041147  0.9802307488160937 -0.0192774024017992
   2016  B2EARP2  Patch              191.391   0.000 -0.1969051536195835  0.9802307488160937 -0.0193917393104340
   2017  B2EARSQ2 Sol_Quad           191.452   0.061 -0.1877630395100071  0.9820584505658644 -0.0174997333160396
   2018  B2EARP2  Patch              191.452   0.000 -0.1877528465780711  0.9820584505658644 -0.0176087556062399
   2019  B2EARSQ2 Sol_Quad           191.514   0.061 -0.1785767220394943  0.9837990148777420 -0.0158067286687831
   2020  B2EARP2  Patch              191.514   0.000 -0.1785675137050217  0.9837990148777420 -0.0159104171782582
   2021  B2EARSQ2 Sol_Quad           191.575   0.061 -0.1693590405455547  0.9854521361750911 -0.0141986863277244
   2022  B2EARP2  Patch              191.575   0.000 -0.1693507674801841  0.9854521361750911 -0.0142970228305258
   2023  B2EARSQ2 Sol_Quad           191.637   0.061 -0.1601116132029801  0.9870175242380570 -0.0126758891013164
   2024  B2EARP2  Patch              191.637   0.000 -0.1601042259138634  0.9870175242380570 -0.0127688563110465
   2025  B2EARSQ2 Sol_Quad           191.698   0.061 -0.1508360634215122  0.9884949042541187 -0.0112386046791647
   2026  B2EARP1  Patch              191.698   0.000 -0.1508295122600931  0.9884949042541187 -0.0113261862520190
   2027  B2EARSQ1 Sol_Quad           191.760   0.061 -0.1415340247015258  0.9898839906768691 -0.0098896336340701
   2028  B2EARP1  Patch              191.760   0.000 -0.1415282583928103  0.9898839906768691 -0.0099718141742698
   2029  B2EARSQ1 Sol_Quad           191.821   0.061 -0.1322071471681474  0.9911845694898765 -0.0086266704364483
   2030  B2EARP1  Patch              191.821   0.000 -0.1322021157755770  0.9911845694898765 -0.0087034355067535
   2031  B2EARSQ1 Sol_Quad           191.883   0.061 -0.1228570680945442  0.9923964123530025 -0.0074499374556693
   2032  B2EARP1  Patch              191.883   0.000 -0.1228527215521648  0.9923964123530025 -0.0075212735694913
   2033  B2EARSQ1 Sol_Quad           191.944   0.061 -0.1134854288443591  0.9935193065037485 -0.0063596418384707
   2034  B2EARP1  Patch              191.944   0.000 -0.1134817169656594  0.9935193065037485 -0.0064255364622487
   2035  B2EARSQ1 Sol_Quad           192.006   0.061 -0.1040938745821205  0.9945530547945646 -0.0053559754734680
   2036  B2EARP1  Patch              192.006   0.000 -0.1040907470688912  0.9945530547945646 -0.0054164170288794
   2037  B2EARSQ1 Sol_Quad           192.067   0.061 -0.0946840539829651  0.9954974757274507 -0.0044391149584885
   2038  B2EARP1  Patch              192.067   0.000 -0.0946814604341768  0.9954974757274507 -0.0044940928244898
   2039  B2EARSQ1 Sol_Quad           192.129   0.061 -0.0852576189417283  0.9963524034858500 -0.0036092215707233
   2040  B2EARP1  Patch              192.129   0.000 -0.0852555088624270  0.9963524034858500 -0.0036587260854220
   2041  B2EARSQ1 Sol_Quad           192.190   0.061 -0.0758162242814645  0.9971176879638186 -0.0028664412397143
   2042  B2EARP1  Patch              192.190   0.000 -0.0758145470916828  0.9971176879638186 -0.0029104637020717
   2043  B2EARSQ1 Sol_Quad           192.252   0.061 -0.0663615274614403  0.9977931947924691 -0.0022109045231776
   2044  B2EARP1  Patch              192.252   0.000 -0.0663602325051224  0.9977931947924691 -0.0022494371945426
   2045  B2EARSQ1 Sol_Quad           192.313   0.061 -0.0568951882846612  0.9983788053636784 -0.0016427265856654
   2046  B2EARP1  Patch              192.313   0.000 -0.0568942248386011  0.9983788053636784 -0.0016757626911375
   2047  B2EARSQ1 Sol_Quad           192.374   0.061 -0.0474188686049835  0.9988744168510497 -0.0011620071800757
   2048  B2EARP1  Patch              192.374   0.000 -0.0474181858877730  0.9988744168510497 -0.0011895409096986
   2049  B2EARSQ1 Sol_Quad           192.436   0.061 -0.0379342320338766  0.9992799422281259 -0.0007688306320115
   2050  B2EARP1  Patch              192.436   0.000 -0.0379337792148631  0.9992799422281259 -0.0007908571417964
   2051  B2EARSQ1 Sol_Quad           192.497   0.061 -0.0284429436468694  0.9995953102838476 -0.0004632658269839
   2052  B2EARP1  Patch              192.497   0.000 -0.0284426698551210  0.9995953102838476 -0.0004797812397618
   2053  B2EARSQ1 Sol_Quad           192.559   0.061 -0.0189466696897618  0.9998204656352465 -0.0002453662004731
   2054  B2EARP1  Patch              192.559   0.000 -0.0189465240230384  0.9998204656352465 -0.0002563676065777
   2055  B2EARSQ1 Sol_Quad           192.620   0.061 -0.0094470772846401  0.9999553687373739 -0.0001151697308342
   2056  B2EARP1  Patch              192.620   0.000 -0.0094470088183681  0.9999553687373739 -0.0001206551886124
   2057  B2EARSQ1 Sol_Quad           192.682   0.061  0.0000541658642481  0.9999999958904550 -0.0000726989350532